3.008999999999999773e+02	0.000000000000000000e+00	1.826000000000000068e+00	-1.809999999999999942e-01
3.016999999999999886e+02	0.000000000000000000e+00	1.826000000000000068e+00	-1.799000000000000044e-01
3.023999999999999773e+02	0.000000000000000000e+00	1.826999999999999957e+00	-1.789000000000000035e-01
3.031000000000000227e+02	0.000000000000000000e+00	1.826999999999999957e+00	-1.778000000000000136e-01
3.038999999999999773e+02	0.000000000000000000e+00	1.826999999999999957e+00	-1.768000000000000127e-01
3.046000000000000227e+02	0.000000000000000000e+00	1.828000000000000069e+00	-1.756999999999999951e-01
3.053999999999999773e+02	0.000000000000000000e+00	1.828000000000000069e+00	-1.746000000000000052e-01
3.061000000000000227e+02	0.000000000000000000e+00	1.828999999999999959e+00	-1.734999999999999876e-01
3.068999999999999773e+02	0.000000000000000000e+00	1.828999999999999959e+00	-1.723999999999999977e-01
3.076999999999999886e+02	0.000000000000000000e+00	1.830000000000000071e+00	-1.713999999999999968e-01
3.083999999999999773e+02	0.000000000000000000e+00	1.830000000000000071e+00	-1.703000000000000069e-01
3.091999999999999886e+02	0.000000000000000000e+00	1.830000000000000071e+00	-1.691999999999999893e-01
3.100000000000000000e+02	0.000000000000000000e+00	1.830999999999999961e+00	-1.680999999999999994e-01
3.106999999999999886e+02	0.000000000000000000e+00	1.830999999999999961e+00	-1.670000000000000095e-01
3.115000000000000000e+02	0.000000000000000000e+00	1.830999999999999961e+00	-1.658999999999999919e-01
3.123000000000000114e+02	0.000000000000000000e+00	1.832000000000000073e+00	-1.647000000000000131e-01
3.131000000000000227e+02	0.000000000000000000e+00	1.832000000000000073e+00	-1.635999999999999954e-01
3.138999999999999773e+02	0.000000000000000000e+00	1.832000000000000073e+00	-1.625000000000000056e-01
3.146999999999999886e+02	0.000000000000000000e+00	1.832999999999999963e+00	-1.613999999999999879e-01
3.155000000000000000e+02	0.000000000000000000e+00	1.832999999999999963e+00	-1.602999999999999980e-01
3.163000000000000114e+02	0.000000000000000000e+00	1.832999999999999963e+00	-1.590999999999999914e-01
3.171000000000000227e+02	0.000000000000000000e+00	1.834000000000000075e+00	-1.580000000000000016e-01
3.178999999999999773e+02	0.000000000000000000e+00	1.834000000000000075e+00	-1.569000000000000117e-01
3.186999999999999886e+02	0.000000000000000000e+00	1.834000000000000075e+00	-1.557000000000000051e-01
3.195000000000000000e+02	0.000000000000000000e+00	1.834000000000000075e+00	-1.545999999999999874e-01
3.203999999999999773e+02	0.000000000000000000e+00	1.834999999999999964e+00	-1.534000000000000086e-01
3.211999999999999886e+02	0.000000000000000000e+00	1.834999999999999964e+00	-1.522999999999999909e-01
3.220000000000000000e+02	0.000000000000000000e+00	1.834999999999999964e+00	-1.512000000000000011e-01
3.228999999999999773e+02	0.000000000000000000e+00	1.834999999999999964e+00	-1.499999999999999944e-01
3.236999999999999886e+02	0.000000000000000000e+00	1.836000000000000076e+00	-1.489000000000000046e-01
3.246000000000000227e+02	0.000000000000000000e+00	1.836000000000000076e+00	-1.476999999999999980e-01
3.253999999999999773e+02	0.000000000000000000e+00	1.836000000000000076e+00	-1.466000000000000081e-01
3.263000000000000114e+02	0.000000000000000000e+00	1.836000000000000076e+00	-1.454000000000000015e-01
3.271000000000000227e+02	0.000000000000000000e+00	1.836000000000000076e+00	-1.443000000000000116e-01
3.280000000000000000e+02	0.000000000000000000e+00	1.836000000000000076e+00	-1.431000000000000050e-01
3.288999999999999773e+02	0.000000000000000000e+00	1.836999999999999966e+00	-1.419999999999999873e-01
3.296999999999999886e+02	0.000000000000000000e+00	1.836999999999999966e+00	-1.408000000000000085e-01
3.306000000000000227e+02	0.000000000000000000e+00	1.836999999999999966e+00	-1.396999999999999909e-01
3.315000000000000000e+02	0.000000000000000000e+00	1.836999999999999966e+00	-1.385000000000000120e-01
3.323999999999999773e+02	0.000000000000000000e+00	1.836999999999999966e+00	-1.373000000000000054e-01
3.333000000000000114e+02	0.000000000000000000e+00	1.836999999999999966e+00	-1.361999999999999877e-01
3.341999999999999886e+02	0.000000000000000000e+00	1.836999999999999966e+00	-1.350000000000000089e-01
3.351000000000000227e+02	0.000000000000000000e+00	1.836999999999999966e+00	-1.338999999999999913e-01
3.360000000000000000e+02	0.000000000000000000e+00	1.836999999999999966e+00	-1.327000000000000124e-01
3.368999999999999773e+02	0.000000000000000000e+00	1.836999999999999966e+00	-1.315999999999999948e-01
3.378000000000000114e+02	0.000000000000000000e+00	1.836999999999999966e+00	-1.303999999999999881e-01
3.388000000000000114e+02	0.000000000000000000e+00	1.836999999999999966e+00	-1.292999999999999983e-01
3.396999999999999886e+02	0.000000000000000000e+00	1.836999999999999966e+00	-1.280999999999999917e-01
3.406000000000000227e+02	0.000000000000000000e+00	1.836999999999999966e+00	-1.270000000000000018e-01
3.416000000000000227e+02	0.000000000000000000e+00	1.836999999999999966e+00	-1.257999999999999952e-01
3.425000000000000000e+02	0.000000000000000000e+00	1.836999999999999966e+00	-1.247000000000000053e-01
3.433999999999999773e+02	0.000000000000000000e+00	1.836999999999999966e+00	-1.234999999999999987e-01
3.443999999999999773e+02	0.000000000000000000e+00	1.836999999999999966e+00	-1.223999999999999949e-01
3.453999999999999773e+02	0.000000000000000000e+00	1.836999999999999966e+00	-1.213000000000000050e-01
3.463000000000000114e+02	0.000000000000000000e+00	1.836999999999999966e+00	-1.200999999999999984e-01
3.473000000000000114e+02	0.000000000000000000e+00	1.836999999999999966e+00	-1.189999999999999947e-01
3.483000000000000114e+02	0.000000000000000000e+00	1.836999999999999966e+00	-1.178000000000000019e-01
3.493000000000000114e+02	0.000000000000000000e+00	1.836999999999999966e+00	-1.166999999999999982e-01
3.501999999999999886e+02	0.000000000000000000e+00	1.836999999999999966e+00	-1.155999999999999944e-01
3.511999999999999886e+02	0.000000000000000000e+00	1.836999999999999966e+00	-1.145000000000000046e-01
3.521999999999999886e+02	0.000000000000000000e+00	1.836999999999999966e+00	-1.132999999999999979e-01
3.531999999999999886e+02	0.000000000000000000e+00	1.836000000000000076e+00	-1.121999999999999942e-01
3.541999999999999886e+02	0.000000000000000000e+00	1.836000000000000076e+00	-1.111000000000000043e-01
3.553000000000000114e+02	0.000000000000000000e+00	1.836000000000000076e+00	-1.100000000000000006e-01
3.563000000000000114e+02	0.000000000000000000e+00	1.836000000000000076e+00	-1.088999999999999968e-01
3.573000000000000114e+02	0.000000000000000000e+00	1.836000000000000076e+00	-1.078000000000000069e-01
3.583000000000000114e+02	0.000000000000000000e+00	1.836000000000000076e+00	-1.066000000000000003e-01
3.593999999999999773e+02	0.000000000000000000e+00	1.834999999999999964e+00	-1.054999999999999966e-01
3.603999999999999773e+02	0.000000000000000000e+00	1.834999999999999964e+00	-1.044000000000000067e-01
3.615000000000000000e+02	0.000000000000000000e+00	1.834999999999999964e+00	-1.034000000000000058e-01
3.625000000000000000e+02	0.000000000000000000e+00	1.834999999999999964e+00	-1.023000000000000020e-01
3.636000000000000227e+02	0.000000000000000000e+00	1.834999999999999964e+00	-1.011999999999999983e-01
3.646999999999999886e+02	0.000000000000000000e+00	1.834000000000000075e+00	-1.000999999999999945e-01
3.656999999999999886e+02	0.000000000000000000e+00	1.834000000000000075e+00	-9.900000000000000466e-02
3.668000000000000114e+02	0.000000000000000000e+00	1.834000000000000075e+00	-9.790000000000000091e-02
3.678999999999999773e+02	0.000000000000000000e+00	1.834000000000000075e+00	-9.690000000000000002e-02
3.690000000000000000e+02	0.000000000000000000e+00	1.832999999999999963e+00	-9.579999999999999627e-02
3.701000000000000227e+02	0.000000000000000000e+00	1.832999999999999963e+00	-9.479999999999999538e-02
3.711999999999999886e+02	0.000000000000000000e+00	1.832999999999999963e+00	-9.370000000000000551e-02
3.723000000000000114e+02	0.000000000000000000e+00	1.832999999999999963e+00	-9.270000000000000462e-02
3.733999999999999773e+02	0.000000000000000000e+00	1.832000000000000073e+00	-9.160000000000000087e-02
3.746000000000000227e+02	0.000000000000000000e+00	1.832000000000000073e+00	-9.059999999999999998e-02
3.756999999999999886e+02	0.000000000000000000e+00	1.832000000000000073e+00	-8.949999999999999623e-02
3.768999999999999773e+02	0.000000000000000000e+00	1.830999999999999961e+00	-8.849999999999999534e-02
3.780000000000000000e+02	0.000000000000000000e+00	1.830999999999999961e+00	-8.749999999999999445e-02
3.791999999999999886e+02	0.000000000000000000e+00	1.830999999999999961e+00	-8.649999999999999356e-02
3.803000000000000114e+02	0.000000000000000000e+00	1.830000000000000071e+00	-8.540000000000000369e-02
3.815000000000000000e+02	0.000000000000000000e+00	1.830000000000000071e+00	-8.440000000000000280e-02
3.826999999999999886e+02	0.000000000000000000e+00	1.830000000000000071e+00	-8.340000000000000191e-02
3.838999999999999773e+02	0.000000000000000000e+00	1.828999999999999959e+00	-8.240000000000000102e-02
3.850000000000000000e+02	0.000000000000000000e+00	1.828999999999999959e+00	-8.140000000000000013e-02
3.861999999999999886e+02	0.000000000000000000e+00	1.828000000000000069e+00	-8.050000000000000211e-02
3.875000000000000000e+02	0.000000000000000000e+00	1.828000000000000069e+00	-7.950000000000000122e-02
3.886999999999999886e+02	0.000000000000000000e+00	1.828000000000000069e+00	-7.850000000000000033e-02
3.898999999999999773e+02	0.000000000000000000e+00	1.826999999999999957e+00	-7.749999999999999944e-02
3.911000000000000227e+02	0.000000000000000000e+00	1.826999999999999957e+00	-7.660000000000000142e-02
3.923999999999999773e+02	0.000000000000000000e+00	1.826000000000000068e+00	-7.560000000000000053e-02
3.936000000000000227e+02	0.000000000000000000e+00	1.826000000000000068e+00	-7.470000000000000251e-02
3.948999999999999773e+02	0.000000000000000000e+00	1.824999999999999956e+00	-7.370000000000000162e-02
3.961000000000000227e+02	0.000000000000000000e+00	1.824999999999999956e+00	-7.280000000000000360e-02
3.973999999999999773e+02	0.000000000000000000e+00	1.824999999999999956e+00	-7.190000000000000557e-02
3.986999999999999886e+02	0.000000000000000000e+00	1.824000000000000066e+00	-7.090000000000000469e-02
4.000000000000000000e+02	0.000000000000000000e+00	1.824000000000000066e+00	-7.000000000000000666e-02
4.011999999999999886e+02	0.000000000000000000e+00	1.822999999999999954e+00	-6.909999999999999476e-02
4.025000000000000000e+02	0.000000000000000000e+00	1.822999999999999954e+00	-6.819999999999999674e-02
4.038999999999999773e+02	0.000000000000000000e+00	1.822000000000000064e+00	-6.729999999999999871e-02
4.051999999999999886e+02	0.000000000000000000e+00	1.822000000000000064e+00	-6.640000000000000069e-02
4.065000000000000000e+02	0.000000000000000000e+00	1.820999999999999952e+00	-6.550000000000000266e-02
4.078000000000000114e+02	0.000000000000000000e+00	1.820999999999999952e+00	-6.460000000000000464e-02
4.091999999999999886e+02	0.000000000000000000e+00	1.820000000000000062e+00	-6.379999999999999560e-02
4.105000000000000000e+02	0.000000000000000000e+00	1.820000000000000062e+00	-6.289999999999999758e-02
4.118999999999999773e+02	0.000000000000000000e+00	1.818999999999999950e+00	-6.199999999999999956e-02
4.133000000000000114e+02	0.000000000000000000e+00	1.818999999999999950e+00	-6.119999999999999746e-02
4.146999999999999886e+02	0.000000000000000000e+00	1.818000000000000060e+00	-6.029999999999999943e-02
4.161000000000000227e+02	0.000000000000000000e+00	1.818000000000000060e+00	-5.949999999999999734e-02
4.175000000000000000e+02	0.000000000000000000e+00	1.816999999999999948e+00	-5.870000000000000218e-02
4.188999999999999773e+02	0.000000000000000000e+00	1.816999999999999948e+00	-5.790000000000000008e-02
4.203000000000000114e+02	0.000000000000000000e+00	1.816000000000000059e+00	-5.700000000000000205e-02
4.216999999999999886e+02	0.000000000000000000e+00	1.816000000000000059e+00	-5.619999999999999996e-02
4.231999999999999886e+02	0.000000000000000000e+00	1.814999999999999947e+00	-5.539999999999999786e-02
4.246000000000000227e+02	0.000000000000000000e+00	1.814000000000000057e+00	-5.460000000000000270e-02
4.261000000000000227e+02	0.000000000000000000e+00	1.814000000000000057e+00	-5.380000000000000060e-02
4.275000000000000000e+02	0.000000000000000000e+00	1.812999999999999945e+00	-5.310000000000000137e-02
4.290000000000000000e+02	0.000000000000000000e+00	1.812999999999999945e+00	-5.229999999999999927e-02
4.305000000000000000e+02	0.000000000000000000e+00	1.812000000000000055e+00	-5.149999999999999717e-02
4.320000000000000000e+02	0.000000000000000000e+00	1.812000000000000055e+00	-5.070000000000000201e-02
4.335000000000000000e+02	0.000000000000000000e+00	1.810999999999999943e+00	-5.000000000000000278e-02
4.350000000000000000e+02	0.000000000000000000e+00	1.810999999999999943e+00	-4.920000000000000068e-02
4.366000000000000227e+02	0.000000000000000000e+00	1.810000000000000053e+00	-4.850000000000000144e-02
4.381000000000000227e+02	0.000000000000000000e+00	1.808999999999999941e+00	-4.780000000000000221e-02
4.396999999999999886e+02	0.000000000000000000e+00	1.808999999999999941e+00	-4.700000000000000011e-02
4.411999999999999886e+02	0.000000000000000000e+00	1.808000000000000052e+00	-4.630000000000000088e-02
4.428000000000000114e+02	0.000000000000000000e+00	1.808000000000000052e+00	-4.560000000000000164e-02
4.443999999999999773e+02	0.000000000000000000e+00	1.806999999999999940e+00	-4.490000000000000241e-02
4.460000000000000000e+02	0.000000000000000000e+00	1.806000000000000050e+00	-4.420000000000000318e-02
4.476000000000000227e+02	0.000000000000000000e+00	1.806000000000000050e+00	-4.349999999999999700e-02
4.491999999999999886e+02	0.000000000000000000e+00	1.804999999999999938e+00	-4.279999999999999777e-02
4.508999999999999773e+02	0.000000000000000000e+00	1.804999999999999938e+00	-4.209999999999999853e-02
4.525000000000000000e+02	0.000000000000000000e+00	1.804000000000000048e+00	-4.150000000000000216e-02
4.541999999999999886e+02	0.000000000000000000e+00	1.802999999999999936e+00	-4.080000000000000293e-02
4.558000000000000114e+02	0.000000000000000000e+00	1.802999999999999936e+00	-4.009999999999999676e-02
4.575000000000000000e+02	0.000000000000000000e+00	1.802000000000000046e+00	-3.950000000000000039e-02
4.591999999999999886e+02	0.000000000000000000e+00	1.802000000000000046e+00	-3.880000000000000115e-02
4.608999999999999773e+02	0.000000000000000000e+00	1.800999999999999934e+00	-3.819999999999999785e-02
4.626000000000000227e+02	0.000000000000000000e+00	1.800000000000000044e+00	-3.760000000000000148e-02
4.643999999999999773e+02	0.000000000000000000e+00	1.800000000000000044e+00	-3.699999999999999817e-02
4.661000000000000227e+02	0.000000000000000000e+00	1.798999999999999932e+00	-3.629999999999999893e-02
4.678999999999999773e+02	0.000000000000000000e+00	1.798000000000000043e+00	-3.570000000000000256e-02
4.696000000000000227e+02	0.000000000000000000e+00	1.798000000000000043e+00	-3.509999999999999926e-02
4.713999999999999773e+02	0.000000000000000000e+00	1.796999999999999931e+00	-3.450000000000000289e-02
4.731999999999999886e+02	0.000000000000000000e+00	1.796000000000000041e+00	-3.389999999999999958e-02
4.750000000000000000e+02	0.000000000000000000e+00	1.796000000000000041e+00	-3.330000000000000321e-02
4.768999999999999773e+02	0.000000000000000000e+00	1.794999999999999929e+00	-3.280000000000000276e-02
4.786999999999999886e+02	0.000000000000000000e+00	1.794999999999999929e+00	-3.219999999999999946e-02
4.806000000000000227e+02	0.000000000000000000e+00	1.794000000000000039e+00	-3.160000000000000309e-02
4.823999999999999773e+02	0.000000000000000000e+00	1.792999999999999927e+00	-3.109999999999999917e-02
4.843000000000000114e+02	0.000000000000000000e+00	1.792999999999999927e+00	-3.049999999999999933e-02
4.861999999999999886e+02	0.000000000000000000e+00	1.792000000000000037e+00	-2.999999999999999889e-02
4.881000000000000227e+02	0.000000000000000000e+00	1.790999999999999925e+00	-2.939999999999999905e-02
4.901000000000000227e+02	0.000000000000000000e+00	1.790999999999999925e+00	-2.889999999999999861e-02
4.920000000000000000e+02	0.000000000000000000e+00	1.790000000000000036e+00	-2.840000000000000163e-02
4.940000000000000000e+02	0.000000000000000000e+00	1.788999999999999924e+00	-2.790000000000000119e-02
4.958999999999999773e+02	0.000000000000000000e+00	1.788999999999999924e+00	-2.740000000000000074e-02
4.978999999999999773e+02	0.000000000000000000e+00	1.788000000000000034e+00	-2.680000000000000090e-02
4.998999999999999773e+02	0.000000000000000000e+00	1.786999999999999922e+00	-2.630000000000000046e-02
5.020000000000000000e+02	0.000000000000000000e+00	1.786999999999999922e+00	-2.589999999999999941e-02
5.040000000000000000e+02	0.000000000000000000e+00	1.786000000000000032e+00	-2.539999999999999897e-02
5.061000000000000227e+02	0.000000000000000000e+00	1.786000000000000032e+00	-2.489999999999999852e-02
5.081000000000000227e+02	0.000000000000000000e+00	1.784999999999999920e+00	-2.440000000000000155e-02
5.101999999999999886e+02	0.000000000000000000e+00	1.784000000000000030e+00	-2.390000000000000110e-02
5.122999999999999545e+02	0.000000000000000000e+00	1.784000000000000030e+00	-2.350000000000000006e-02
5.145000000000000000e+02	0.000000000000000000e+00	1.782999999999999918e+00	-2.299999999999999961e-02
5.166000000000000227e+02	0.000000000000000000e+00	1.782000000000000028e+00	-2.259999999999999856e-02
5.187999999999999545e+02	0.000000000000000000e+00	1.782000000000000028e+00	-2.210000000000000159e-02
5.208999999999999773e+02	0.000000000000000000e+00	1.780999999999999917e+00	-2.170000000000000054e-02
5.231000000000000227e+02	0.000000000000000000e+00	1.780000000000000027e+00	-2.120000000000000009e-02
5.253999999999999773e+02	0.000000000000000000e+00	1.780000000000000027e+00	-2.079999999999999905e-02
5.276000000000000227e+02	0.000000000000000000e+00	1.778999999999999915e+00	-2.040000000000000147e-02
5.298999999999999773e+02	0.000000000000000000e+00	1.778000000000000025e+00	-2.000000000000000042e-02
5.321000000000000227e+02	0.000000000000000000e+00	1.778000000000000025e+00	-1.959999999999999937e-02
5.343999999999999773e+02	0.000000000000000000e+00	1.776999999999999913e+00	-1.919999999999999832e-02
5.367000000000000455e+02	0.000000000000000000e+00	1.776000000000000023e+00	-1.880000000000000074e-02
5.391000000000000227e+02	0.000000000000000000e+00	1.776000000000000023e+00	-1.839999999999999969e-02
5.413999999999999773e+02	0.000000000000000000e+00	1.774999999999999911e+00	-1.799999999999999864e-02
5.437999999999999545e+02	0.000000000000000000e+00	1.774999999999999911e+00	-1.760000000000000106e-02
5.462000000000000455e+02	0.000000000000000000e+00	1.774000000000000021e+00	-1.720000000000000001e-02
5.486000000000000227e+02	0.000000000000000000e+00	1.772999999999999909e+00	-1.689999999999999836e-02
5.510000000000000000e+02	0.000000000000000000e+00	1.772999999999999909e+00	-1.650000000000000078e-02
5.535000000000000000e+02	0.000000000000000000e+00	1.772000000000000020e+00	-1.609999999999999973e-02
5.560000000000000000e+02	0.000000000000000000e+00	1.770999999999999908e+00	-1.580000000000000154e-02
5.585000000000000000e+02	0.000000000000000000e+00	1.770999999999999908e+00	-1.540000000000000049e-02
5.610000000000000000e+02	0.000000000000000000e+00	1.770000000000000018e+00	-1.510000000000000057e-02
5.636000000000000227e+02	0.000000000000000000e+00	1.768999999999999906e+00	-1.469999999999999953e-02
5.661000000000000227e+02	0.000000000000000000e+00	1.768999999999999906e+00	-1.439999999999999961e-02
5.687000000000000455e+02	0.000000000000000000e+00	1.768000000000000016e+00	-1.409999999999999969e-02
5.713999999999999773e+02	0.000000000000000000e+00	1.766999999999999904e+00	-1.370000000000000037e-02
5.740000000000000000e+02	0.000000000000000000e+00	1.766999999999999904e+00	-1.340000000000000045e-02
5.767000000000000455e+02	0.000000000000000000e+00	1.766000000000000014e+00	-1.310000000000000053e-02
5.793999999999999773e+02	0.000000000000000000e+00	1.766000000000000014e+00	-1.280000000000000061e-02
5.821000000000000227e+02	0.000000000000000000e+00	1.764999999999999902e+00	-1.250000000000000069e-02
5.847999999999999545e+02	0.000000000000000000e+00	1.764000000000000012e+00	-1.220000000000000077e-02
5.876000000000000227e+02	0.000000000000000000e+00	1.764000000000000012e+00	-1.190000000000000085e-02
5.903999999999999773e+02	0.000000000000000000e+00	1.762999999999999901e+00	-1.159999999999999920e-02
5.932000000000000455e+02	0.000000000000000000e+00	1.762000000000000011e+00	-1.129999999999999928e-02
5.961000000000000227e+02	0.000000000000000000e+00	1.762000000000000011e+00	-1.099999999999999936e-02
5.990000000000000000e+02	0.000000000000000000e+00	1.760999999999999899e+00	-1.080000000000000057e-02
6.018999999999999773e+02	0.000000000000000000e+00	1.760999999999999899e+00	-1.050000000000000065e-02
6.047999999999999545e+02	0.000000000000000000e+00	1.760000000000000009e+00	-1.020000000000000073e-02
6.077999999999999545e+02	0.000000000000000000e+00	1.758999999999999897e+00	-9.960000000000000103e-03
6.107999999999999545e+02	0.000000000000000000e+00	1.758999999999999897e+00	-9.700000000000000289e-03
6.137999999999999545e+02	0.000000000000000000e+00	1.758000000000000007e+00	-9.450000000000000067e-03
6.167999999999999545e+02	0.000000000000000000e+00	1.756999999999999895e+00	-9.199999999999999845e-03
6.198999999999999773e+02	0.000000000000000000e+00	1.756999999999999895e+00	-8.949999999999999623e-03
6.230000000000000000e+02	0.000000000000000000e+00	1.756000000000000005e+00	-8.710000000000000728e-03
6.262000000000000455e+02	0.000000000000000000e+00	1.756000000000000005e+00	-8.479999999999999691e-03
6.293999999999999773e+02	0.000000000000000000e+00	1.754999999999999893e+00	-8.240000000000000796e-03
6.326000000000000227e+02	0.000000000000000000e+00	1.754000000000000004e+00	-8.009999999999999759e-03
6.357999999999999545e+02	0.000000000000000000e+00	1.754000000000000004e+00	-7.790000000000000049e-03
6.391000000000000227e+02	0.000000000000000000e+00	1.752999999999999892e+00	-7.570000000000000340e-03
6.423999999999999773e+02	0.000000000000000000e+00	1.752999999999999892e+00	-7.349999999999999763e-03
6.457999999999999545e+02	0.000000000000000000e+00	1.752000000000000002e+00	-7.139999999999999646e-03
6.491000000000000227e+02	0.000000000000000000e+00	1.750999999999999890e+00	-6.930000000000000396e-03
6.526000000000000227e+02	0.000000000000000000e+00	1.750999999999999890e+00	-6.729999999999999871e-03
6.560000000000000000e+02	0.000000000000000000e+00	1.750000000000000000e+00	-6.530000000000000214e-03
6.595000000000000000e+02	0.000000000000000000e+00	1.750000000000000000e+00	-6.329999999999999689e-03
6.630000000000000000e+02	0.000000000000000000e+00	1.749000000000000110e+00	-6.139999999999999625e-03
6.666000000000000227e+02	0.000000000000000000e+00	1.747999999999999998e+00	-5.950000000000000427e-03
6.702000000000000455e+02	0.000000000000000000e+00	1.747999999999999998e+00	-5.760000000000000363e-03
6.737999999999999545e+02	0.000000000000000000e+00	1.747000000000000108e+00	-5.579999999999999891e-03
6.775000000000000000e+02	0.000000000000000000e+00	1.747000000000000108e+00	-5.400000000000000286e-03
6.812000000000000455e+02	0.000000000000000000e+00	1.745999999999999996e+00	-5.230000000000000274e-03
6.850000000000000000e+02	0.000000000000000000e+00	1.745000000000000107e+00	-5.060000000000000261e-03
6.887999999999999545e+02	0.000000000000000000e+00	1.745000000000000107e+00	-4.890000000000000249e-03
6.927000000000000455e+02	0.000000000000000000e+00	1.743999999999999995e+00	-4.729999999999999830e-03
6.965000000000000000e+02	0.000000000000000000e+00	1.743999999999999995e+00	-4.570000000000000277e-03
7.005000000000000000e+02	0.000000000000000000e+00	1.743000000000000105e+00	-4.409999999999999858e-03
7.045000000000000000e+02	0.000000000000000000e+00	1.743000000000000105e+00	-4.259999999999999898e-03
7.085000000000000000e+02	0.000000000000000000e+00	1.741999999999999993e+00	-4.109999999999999938e-03
7.126000000000000227e+02	0.000000000000000000e+00	1.741000000000000103e+00	-3.959999999999999978e-03
7.167000000000000455e+02	0.000000000000000000e+00	1.741000000000000103e+00	-3.820000000000000045e-03
7.207999999999999545e+02	0.000000000000000000e+00	1.739999999999999991e+00	-3.680000000000000111e-03
7.251000000000000227e+02	0.000000000000000000e+00	1.739999999999999991e+00	-3.540000000000000178e-03
7.292999999999999545e+02	0.000000000000000000e+00	1.739000000000000101e+00	-3.399999999999999811e-03
7.336000000000000227e+02	0.000000000000000000e+00	1.739000000000000101e+00	-3.269999999999999903e-03
7.380000000000000000e+02	0.000000000000000000e+00	1.737999999999999989e+00	-3.150000000000000022e-03
7.423999999999999773e+02	0.000000000000000000e+00	1.737000000000000099e+00	-3.020000000000000115e-03
7.468999999999999773e+02	0.000000000000000000e+00	1.737000000000000099e+00	-2.899999999999999800e-03
7.513999999999999773e+02	0.000000000000000000e+00	1.735999999999999988e+00	-2.779999999999999919e-03
7.560000000000000000e+02	0.000000000000000000e+00	1.735999999999999988e+00	-2.670000000000000064e-03
7.606000000000000227e+02	0.000000000000000000e+00	1.735000000000000098e+00	-2.550000000000000183e-03
7.652999999999999545e+02	0.000000000000000000e+00	1.735000000000000098e+00	-2.439999999999999895e-03
7.701000000000000227e+02	0.000000000000000000e+00	1.733999999999999986e+00	-2.340000000000000066e-03
7.748999999999999773e+02	0.000000000000000000e+00	1.733999999999999986e+00	-2.230000000000000211e-03
7.797999999999999545e+02	0.000000000000000000e+00	1.733000000000000096e+00	-2.129999999999999949e-03
7.847000000000000455e+02	0.000000000000000000e+00	1.733000000000000096e+00	-2.030000000000000120e-03
7.897000000000000455e+02	0.000000000000000000e+00	1.731999999999999984e+00	-1.940000000000000101e-03
7.947999999999999545e+02	0.000000000000000000e+00	1.731000000000000094e+00	-1.840000000000000056e-03
7.998999999999999773e+02	0.000000000000000000e+00	1.731000000000000094e+00	-1.750000000000000036e-03
8.051000000000000227e+02	0.000000000000000000e+00	1.729999999999999982e+00	-1.670000000000000043e-03
8.103999999999999773e+02	0.000000000000000000e+00	1.729999999999999982e+00	-1.580000000000000024e-03
8.157000000000000455e+02	0.000000000000000000e+00	1.729000000000000092e+00	-1.500000000000000031e-03
8.211000000000000227e+02	0.000000000000000000e+00	1.729000000000000092e+00	-1.420000000000000038e-03
8.266000000000000227e+02	0.000000000000000000e+00	1.727999999999999980e+00	-1.340000000000000045e-03
8.266000000000000227e+02	0.000000000000000000e+00	1.728464205813135646e+00	-2.114282350394135895e-03
8.316000000000000227e+02	0.000000000000000000e+00	1.728021522208162075e+00	-2.069270258667140015e-03
8.366000000000000227e+02	0.000000000000000000e+00	1.727587378725246259e+00	-2.026484400218272856e-03
8.416000000000000227e+02	0.000000000000000000e+00	1.727161610610862708e+00	-1.985814668753456934e-03
8.466000000000000227e+02	0.000000000000000000e+00	1.726744056289861939e+00	-1.947156403677465820e-03
8.516000000000000227e+02	0.000000000000000000e+00	1.726334557304155082e+00	-1.910410120757487316e-03
8.566000000000000227e+02	0.000000000000000000e+00	1.725932958252579974e+00	-1.875481256107696271e-03
8.616000000000000227e+02	0.000000000000000000e+00	1.725539106731928340e+00	-1.842279922835966983e-03
8.666000000000000227e+02	0.000000000000000000e+00	1.725152853279109832e+00	-1.810720679726499950e-03
8.716000000000000227e+02	0.000000000000000000e+00	1.724774051314431400e+00	-1.780722311363066180e-03
8.766000000000000227e+02	0.000000000000000000e+00	1.724402557085973342e+00	-1.752207619127044971e-03
8.816000000000000227e+02	0.000000000000000000e+00	1.724038229615034945e+00	-1.725103222532390485e-03
8.866000000000000227e+02	0.000000000000000000e+00	1.723680930642635944e+00	-1.699339370386294349e-03
8.916000000000000227e+02	0.000000000000000000e+00	1.723330524577047163e+00	-1.674849761289560861e-03
8.966000000000000227e+02	0.000000000000000000e+00	1.722986878442335223e+00	-1.651571373014782372e-03
9.016000000000000227e+02	0.000000000000000000e+00	1.722649861827899587e+00	-1.629444300323221444e-03
9.066000000000000227e+02	0.000000000000000000e+00	1.722319346838982801e+00	-1.608411600803035489e-03
9.116000000000000227e+02	0.000000000000000000e+00	1.721995208048135551e+00	-1.588419148332124563e-03
9.166000000000000227e+02	0.000000000000000000e+00	1.721677322447617398e+00	-1.569415493788492520e-03
9.216000000000000227e+02	0.000000000000000000e+00	1.721365569402717677e+00	-1.551351732649674294e-03
9.266000000000000227e+02	0.000000000000000000e+00	1.721059830605975227e+00	-1.534181379140505796e-03
9.316000000000000227e+02	0.000000000000000000e+00	1.720759990032281195e+00	-1.517860246605363082e-03
9.366000000000000227e+02	0.000000000000000000e+00	1.720465933894849364e+00	-1.502346333797018128e-03
9.416000000000000227e+02	0.000000000000000000e+00	1.720177550602034477e+00	-1.487599716789485878e-03
9.466000000000000227e+02	0.000000000000000000e+00	1.719894730714985220e+00	-1.473582446236703595e-03
9.516000000000000227e+02	0.000000000000000000e+00	1.719617366906111444e+00	-1.460258449712651535e-03
9.566000000000000227e+02	0.000000000000000000e+00	1.719345353918356079e+00	-1.447593438881585861e-03
9.616000000000000227e+02	0.000000000000000000e+00	1.719078588525249973e+00	-1.435554821259504973e-03
9.666000000000000227e+02	0.000000000000000000e+00	1.718816969491738789e+00	-1.424111616339759001e-03
9.716000000000000227e+02	0.000000000000000000e+00	1.718560397535765061e+00	-1.413234375866973154e-03
9.766000000000000227e+02	0.000000000000000000e+00	1.718308775290591894e+00	-1.402895108054102264e-03
9.816000000000000227e+02	0.000000000000000000e+00	1.718062007267852076e+00	-1.393067205547604982e-03
9.866000000000000227e+02	0.000000000000000000e+00	1.717819999821313059e+00	-1.383725376955354230e-03
9.916000000000000227e+02	0.000000000000000000e+00	1.717582661111336950e+00	-1.374845581761079604e-03
9.966000000000000227e+02	0.000000000000000000e+00	1.717349901070029716e+00	-1.366404968457847653e-03
1.001600000000000023e+03	0.000000000000000000e+00	1.717121631367060308e+00	-1.358381815741371672e-03
1.006600000000000023e+03	0.000000000000000000e+00	1.716897765376140805e+00	-1.350755476611815043e-03
1.011600000000000023e+03	0.000000000000000000e+00	1.716678218142151824e+00	-1.343506325240238341e-03
1.016600000000000023e+03	0.000000000000000000e+00	1.716462906348903861e+00	-1.336615706462958211e-03
1.021600000000000023e+03	0.000000000000000000e+00	1.716251748287517920e+00	-1.330065887773839318e-03
1.026599999999999909e+03	0.000000000000000000e+00	1.716044663825419425e+00	-1.323840013690980163e-03
1.031599999999999909e+03	0.000000000000000000e+00	1.715841574375927658e+00	-1.317922062380356323e-03
1.036599999999999909e+03	0.000000000000000000e+00	1.715642402868432947e+00	-1.312296804424796862e-03
1.041599999999999909e+03	0.000000000000000000e+00	1.715447073719149174e+00	-1.306949763632187607e-03
1.046599999999999909e+03	0.000000000000000000e+00	1.715255512802430715e+00	-1.301867179782041639e-03
1.051599999999999909e+03	0.000000000000000000e+00	1.715067647422642061e+00	-1.297035973214575753e-03
1.056599999999999909e+03	0.000000000000000000e+00	1.714883406286570100e+00	-1.292443711171155493e-03
1.061599999999999909e+03	0.000000000000000000e+00	1.714702719476369763e+00	-1.288078575799495766e-03
1.066599999999999909e+03	0.000000000000000000e+00	1.714525518423030803e+00	-1.283929333741278813e-03
1.071599999999999909e+03	0.000000000000000000e+00	1.714351735880355498e+00	-1.279985307223922061e-03
1.076599999999999909e+03	0.000000000000000000e+00	1.714181305899440844e+00	-1.276236346582108969e-03
1.081599999999999909e+03	0.000000000000000000e+00	1.714014163803649904e+00	-1.272672804138361450e-03
1.086599999999999909e+03	0.000000000000000000e+00	1.713850246164068780e+00	-1.269285509375446108e-03
1.091599999999999909e+03	0.000000000000000000e+00	1.713689490775435864e+00	-1.266065745336714251e-03
1.096599999999999909e+03	0.000000000000000000e+00	1.713531836632534500e+00	-1.263005226193647784e-03
1.101599999999999909e+03	0.000000000000000000e+00	1.713377223907043057e+00	-1.260096075922882610e-03
1.106599999999999909e+03	0.000000000000000000e+00	1.713225593924830648e+00	-1.257330808037835724e-03
1.111599999999999909e+03	0.000000000000000000e+00	1.713076889143690051e+00	-1.254702306322776290e-03
1.116599999999999909e+03	0.000000000000000000e+00	1.712931053131501624e+00	-1.252203806519762777e-03
1.121599999999999909e+03	0.000000000000000000e+00	1.712788030544817319e+00	-1.249828878921315856e-03
1.126599999999999909e+03	0.000000000000000000e+00	1.712647767107859043e+00	-1.247571411824035430e-03
1.131599999999999909e+03	0.000000000000000000e+00	1.712510209591920463e+00	-1.245425595800575850e-03
1.136599999999999909e+03	0.000000000000000000e+00	1.712375305795168723e+00	-1.243385908749507782e-03
1.141599999999999909e+03	0.000000000000000000e+00	1.712243004522832512e+00	-1.241447101684590559e-03
1.146599999999999909e+03	0.000000000000000000e+00	1.712113255567775605e+00	-1.239604185226890086e-03
1.151599999999999909e+03	0.000000000000000000e+00	1.711986009691442545e+00	-1.237852416764973016e-03
1.156599999999999909e+03	0.000000000000000000e+00	1.711861218605174262e+00	-1.236187288250143075e-03
1.161599999999999909e+03	0.000000000000000000e+00	1.711738834951881838e+00	-1.234604514595303692e-03
1.166599999999999909e+03	0.000000000000000000e+00	1.711618812288075331e+00	-1.233100022647600370e-03
1.171599999999999909e+03	0.000000000000000000e+00	1.711501105066239647e+00	-1.231669940706456431e-03
1.176599999999999909e+03	0.000000000000000000e+00	1.711385668617547928e+00	-1.230310588560033693e-03
1.181599999999999909e+03	0.000000000000000000e+00	1.711272459134912216e+00	-1.229018468014475172e-03
1.186599999999999909e+03	0.000000000000000000e+00	1.711161433656357644e+00	-1.227790253891558256e-03
1.191599999999999909e+03	0.000000000000000000e+00	1.711052550048718590e+00	-1.226622785471588942e-03
1.196599999999999909e+03	0.000000000000000000e+00	1.710945766991651018e+00	-1.225513058359521115e-03
1.201599999999999909e+03	0.000000000000000000e+00	1.710841043961950358e+00	-1.224458216753363839e-03
1.206599999999999909e+03	0.000000000000000000e+00	1.710738341218173586e+00	-1.223455546094982414e-03
1.211599999999999909e+03	0.000000000000000000e+00	1.710637619785558172e+00	-1.222502466084381687e-03
1.216599999999999909e+03	0.000000000000000000e+00	1.710538841441231694e+00	-1.221596524039489677e-03
1.221599999999999909e+03	0.000000000000000000e+00	1.710441968699705217e+00	-1.220735388584361005e-03
1.226599999999999909e+03	0.000000000000000000e+00	1.710346964798649561e+00	-1.219916843649548801e-03
1.231599999999999909e+03	0.000000000000000000e+00	1.710253793684943346e+00	-1.219138782769211898e-03
1.236599999999999909e+03	0.000000000000000000e+00	1.710162420000991279e+00	-1.218399203660278096e-03
1.241599999999999909e+03	0.000000000000000000e+00	1.710072809071307098e+00	-1.217696203069714355e-03
1.246599999999999909e+03	0.000000000000000000e+00	1.709984926889352774e+00	-1.217027971876643916e-03
1.251599999999999909e+03	0.000000000000000000e+00	1.709898740104635051e+00	-1.216392790436704755e-03
1.256599999999999909e+03	0.000000000000000000e+00	1.709814216010048904e+00	-1.215789024156670043e-03
1.261599999999999909e+03	0.000000000000000000e+00	1.709731322529464137e+00	-1.215215119287941896e-03
1.266599999999999909e+03	0.000000000000000000e+00	1.709650028205555117e+00	-1.214669598928091619e-03
1.271599999999999909e+03	0.000000000000000000e+00	1.709570302187860547e+00	-1.214151059220159494e-03
1.276599999999999909e+03	0.000000000000000000e+00	1.709492114221078163e+00	-1.213658165739930732e-03
1.281599999999999909e+03	0.000000000000000000e+00	1.709415434633581032e+00	-1.213189650061891403e-03
1.286599999999999909e+03	0.000000000000000000e+00	1.709340234326159447e+00	-1.212744306495028550e-03
1.291599999999999909e+03	0.000000000000000000e+00	1.709266484760976645e+00	-1.212320988980071035e-03
1.296599999999999909e+03	0.000000000000000000e+00	1.709194157950739701e+00	-1.211918608140190095e-03
1.301599999999999909e+03	0.000000000000000000e+00	1.709123226448078015e+00	-1.211536128477567597e-03
1.306599999999999909e+03	0.000000000000000000e+00	1.709053663335127871e+00	-1.211172565708616613e-03
1.311599999999999909e+03	0.000000000000000000e+00	1.708985442213317052e+00	-1.210826984231000436e-03
1.316599999999999909e+03	0.000000000000000000e+00	1.708918537193346410e+00	-1.210498494715927034e-03
1.321599999999999909e+03	0.000000000000000000e+00	1.708852922885365944e+00	-1.210186251819527067e-03
1.326599999999999909e+03	0.000000000000000000e+00	1.708788574389339399e+00	-1.209889452007421526e-03
1.331599999999999909e+03	0.000000000000000000e+00	1.708725467285594046e+00	-1.209607331486886681e-03
1.336599999999999909e+03	0.000000000000000000e+00	1.708663577625554986e+00	-1.209339164241286400e-03
1.341599999999999909e+03	0.000000000000000000e+00	1.708602881922655969e+00	-1.209084260161723354e-03
1.346599999999999909e+03	0.000000000000000000e+00	1.708543357143426311e+00	-1.208841963271093094e-03
1.351599999999999909e+03	0.000000000000000000e+00	1.708484980698750544e+00	-1.208611650035974327e-03
1.356599999999999909e+03	0.000000000000000000e+00	1.708427730435296166e+00	-1.208392727762011435e-03
1.361599999999999909e+03	0.000000000000000000e+00	1.708371584627105477e+00	-1.208184633068659078e-03
1.366599999999999909e+03	0.000000000000000000e+00	1.708316521967352397e+00	-1.207986830439362544e-03
1.371599999999999909e+03	0.000000000000000000e+00	1.708262521560255154e+00	-1.207798810843445500e-03
1.376599999999999909e+03	0.000000000000000000e+00	1.708209562913147739e+00	-1.207620090426156107e-03
1.381599999999999909e+03	0.000000000000000000e+00	1.708157625928702350e+00	-1.207450209263502029e-03
1.386599999999999909e+03	0.000000000000000000e+00	1.708106690897303048e+00	-1.207288730178670069e-03
1.391599999999999909e+03	0.000000000000000000e+00	1.708056738489566184e+00	-1.207135237616982970e-03
1.396599999999999909e+03	0.000000000000000000e+00	1.708007749749004711e+00	-1.206989336576499853e-03
1.401599999999999909e+03	0.000000000000000000e+00	1.707959706084834384e+00	-1.206850651591506859e-03
1.406599999999999909e+03	0.000000000000000000e+00	1.707912589264919179e+00	-1.206718825766284631e-03
1.411599999999999909e+03	0.000000000000000000e+00	1.707866381408852163e+00	-1.206593519856662003e-03
1.416599999999999909e+03	0.000000000000000000e+00	1.707821064981169812e+00	-1.206474411396996679e-03
1.421599999999999909e+03	0.000000000000000000e+00	1.707776622784697329e+00	-1.206361193870332743e-03
1.426599999999999909e+03	0.000000000000000000e+00	1.707733037954023203e+00	-1.206253575919601735e-03
1.431599999999999909e+03	0.000000000000000000e+00	1.707690293949098326e+00	-1.206151280597836557e-03
1.436599999999999909e+03	0.000000000000000000e+00	1.707648374548959458e+00	-1.206054044655468583e-03
1.441599999999999909e+03	0.000000000000000000e+00	1.707607263845573264e+00	-1.205961617862874114e-03
1.446599999999999909e+03	0.000000000000000000e+00	1.707566946237799366e+00	-1.205873762366426382e-03
1.451599999999999909e+03	0.000000000000000000e+00	1.707527406425470407e+00	-1.205790252076396419e-03
1.456599999999999909e+03	0.000000000000000000e+00	1.707488629403585145e+00	-1.205710872085128532e-03
1.461599999999999909e+03	0.000000000000000000e+00	1.707450600456614342e+00	-1.205635418113989651e-03
1.466599999999999909e+03	0.000000000000000000e+00	1.707413305152916561e+00	-1.205563695987674601e-03
1.471599999999999909e+03	0.000000000000000000e+00	1.707376729339261434e+00	-1.205495521134509031e-03
1.476599999999999909e+03	0.000000000000000000e+00	1.707340859135458189e+00	-1.205430718111467816e-03
1.481599999999999909e+03	0.000000000000000000e+00	1.707305680929088965e+00	-1.205369120152685516e-03
1.486599999999999909e+03	0.000000000000000000e+00	1.707271181370342505e+00	-1.205310568740296630e-03
1.491599999999999909e+03	0.000000000000000000e+00	1.707237347366948432e+00	-1.205254913196500844e-03
1.496599999999999909e+03	0.000000000000000000e+00	1.707204166079208107e+00	-1.205202010295805060e-03
1.501599999999999909e+03	0.000000000000000000e+00	1.707171624915123198e+00	-1.205151723896443015e-03
1.506599999999999909e+03	0.000000000000000000e+00	1.707139711525615944e+00	-1.205103924590024238e-03
1.511599999999999909e+03	0.000000000000000000e+00	1.707108413799843794e+00	-1.205058489368511163e-03
1.516599999999999909e+03	0.000000000000000000e+00	1.707077719860602638e+00	-1.205015301307666353e-03
1.521599999999999909e+03	0.000000000000000000e+00	1.707047618059820415e+00	-1.204974249266157343e-03
1.526599999999999909e+03	0.000000000000000000e+00	1.707018096974135535e+00	-1.204935227599541721e-03
1.531599999999999909e+03	0.000000000000000000e+00	1.706989145400563235e+00	-1.204898135888399311e-03
1.536599999999999909e+03	0.000000000000000000e+00	1.706960752352243205e+00	-1.204862878679909986e-03
1.541599999999999909e+03	0.000000000000000000e+00	1.706932907054270032e+00	-1.204829365242212269e-03
1.546599999999999909e+03	0.000000000000000000e+00	1.706905598939605140e+00	-1.204797509330912588e-03
1.551599999999999909e+03	0.000000000000000000e+00	1.706878817645065993e+00	-1.204767228967140854e-03
1.556599999999999909e+03	0.000000000000000000e+00	1.706852553007393247e+00	-1.204738446226583364e-03
1.561599999999999909e+03	0.000000000000000000e+00	1.706826795059394941e+00	-1.204711087038951587e-03
1.566599999999999909e+03	0.000000000000000000e+00	1.706801534026162193e+00	-1.204685080997366410e-03
1.571599999999999909e+03	0.000000000000000000e+00	1.706776760321361497e+00	-1.204660361177171696e-03
1.576599999999999909e+03	0.000000000000000000e+00	1.706752464543595860e+00	-1.204636863963708549e-03
1.581599999999999909e+03	0.000000000000000000e+00	1.706728637472837651e+00	-1.204614528888607507e-03
1.586599999999999909e+03	0.000000000000000000e+00	1.706705270066928515e+00	-1.204593298474177562e-03
1.591599999999999909e+03	0.000000000000000000e+00	1.706682353458149448e+00	-1.204573118085491921e-03
1.596599999999999909e+03	0.000000000000000000e+00	1.706659878949854603e+00	-1.204553935789788241e-03
1.601599999999999909e+03	0.000000000000000000e+00	1.706637838013171482e+00	-1.204535702222824011e-03
1.606599999999999909e+03	0.000000000000000000e+00	1.706616222283763751e+00	-1.204518370461841233e-03
1.611599999999999909e+03	0.000000000000000000e+00	1.706595023558657553e+00	-1.204501895904813626e-03
1.616599999999999909e+03	0.000000000000000000e+00	1.706574233793128448e+00	-1.204486236155667776e-03
1.621599999999999909e+03	0.000000000000000000e+00	1.706553845097648514e+00	-1.204471350915177919e-03
1.626599999999999909e+03	0.000000000000000000e+00	1.706533849734892083e+00	-1.204457201877260708e-03
1.631599999999999909e+03	0.000000000000000000e+00	1.706514240116799641e+00	-1.204443752630396510e-03
1.636599999999999909e+03	0.000000000000000000e+00	1.706495008801698798e+00	-1.204430968563926802e-03
1.641599999999999909e+03	0.000000000000000000e+00	1.706476148491479217e+00	-1.204418816778986745e-03
1.646599999999999909e+03	0.000000000000000000e+00	1.706457652028823713e+00	-1.204407266003841570e-03
1.651599999999999909e+03	0.000000000000000000e+00	1.706439512394491986e+00	-1.204396286513412110e-03
1.656599999999999909e+03	0.000000000000000000e+00	1.706421722704656752e+00	-1.204385850052778041e-03
1.661599999999999909e+03	0.000000000000000000e+00	1.706404276208291604e+00	-1.204375929764467607e-03
1.666599999999999909e+03	0.000000000000000000e+00	1.706387166284609069e+00	-1.204366500119340155e-03
1.671599999999999909e+03	0.000000000000000000e+00	1.706370386440547726e+00	-1.204357536850890215e-03
1.676599999999999909e+03	0.000000000000000000e+00	1.706353930308308620e+00	-1.204349016892798316e-03
1.681599999999999909e+03	0.000000000000000000e+00	1.706337791642938306e+00	-1.204340918319572436e-03
1.686599999999999909e+03	0.000000000000000000e+00	1.706321964319958973e+00	-1.204333220290123088e-03
1.691599999999999909e+03	0.000000000000000000e+00	1.706306442333045181e+00	-1.204325902994131956e-03
1.696599999999999909e+03	0.000000000000000000e+00	1.706291219791742808e+00	-1.204318947601069889e-03
1.701599999999999909e+03	0.000000000000000000e+00	1.706276290919235050e+00	-1.204312336211738705e-03
1.706599999999999909e+03	0.000000000000000000e+00	1.706261650050150180e+00	-1.204306051812209294e-03
1.711599999999999909e+03	0.000000000000000000e+00	1.706247291628410601e+00	-1.204300078230036543e-03
1.716599999999999909e+03	0.000000000000000000e+00	1.706233210205125195e+00	-1.204294400092641160e-03
1.721599999999999909e+03	0.000000000000000000e+00	1.706219400436520761e+00	-1.204289002787749729e-03
1.726599999999999909e+03	0.000000000000000000e+00	1.706205857081915633e+00	-1.204283872425790684e-03
1.731599999999999909e+03	0.000000000000000000e+00	1.706192575001728606e+00	-1.204278995804150976e-03
1.736599999999999909e+03	0.000000000000000000e+00	1.706179549155530717e+00	-1.204274360373199350e-03
1.741599999999999909e+03	0.000000000000000000e+00	1.706166774600130998e+00	-1.204269954203991428e-03
1.746599999999999909e+03	0.000000000000000000e+00	1.706154246487701087e+00	-1.204265765957571611e-03
1.751599999999999909e+03	0.000000000000000000e+00	1.706141960063935814e+00	-1.204261784855792210e-03
1.756599999999999909e+03	0.000000000000000000e+00	1.706129910666248417e+00	-1.204258000653577387e-03
1.761599999999999909e+03	0.000000000000000000e+00	1.706118093722001294e+00	-1.204254403612558177e-03
1.766599999999999909e+03	0.000000000000000000e+00	1.706106504746771169e+00	-1.204250984476011154e-03
1.771599999999999909e+03	0.000000000000000000e+00	1.706095139342646672e+00	-1.204247734445036992e-03
1.776599999999999909e+03	0.000000000000000000e+00	1.706083993196559678e+00	-1.204244645155917769e-03
1.781599999999999909e+03	0.000000000000000000e+00	1.706073062078648395e+00	-1.204241708658592303e-03
1.786599999999999909e+03	0.000000000000000000e+00	1.706062341840652641e+00	-1.204238917396198557e-03
1.791599999999999909e+03	0.000000000000000000e+00	1.706051828414339111e+00	-1.204236264185625871e-03
1.796599999999999909e+03	0.000000000000000000e+00	1.706041517809957275e+00	-1.204233742199029749e-03
1.801599999999999909e+03	0.000000000000000000e+00	1.706031406114726146e+00	-1.204231344946261060e-03
1.806599999999999909e+03	0.000000000000000000e+00	1.706021489491349019e+00	-1.204229066258164556e-03
1.811599999999999909e+03	0.000000000000000000e+00	1.706011764176556866e+00	-1.204226900270701818e-03
1.816599999999999909e+03	0.000000000000000000e+00	1.706002226479680361e+00	-1.204224841409861756e-03
1.821599999999999909e+03	0.000000000000000000e+00	1.705992872781250336e+00	-1.204222884377315972e-03
1.826599999999999909e+03	0.000000000000000000e+00	1.705983699531622433e+00	-1.204221024136783395e-03
1.831599999999999909e+03	0.000000000000000000e+00	1.705974703249631519e+00	-1.204219255901070379e-03
1.836599999999999909e+03	0.000000000000000000e+00	1.705965880521269851e+00	-1.204217575119751133e-03
1.841599999999999909e+03	0.000000000000000000e+00	1.705957227998391890e+00	-1.204215977467456818e-03
1.846599999999999909e+03	0.000000000000000000e+00	1.705948742397443318e+00	-1.204214458832745995e-03
1.851599999999999909e+03	0.000000000000000000e+00	1.705940420498215371e+00	-1.204213015307522162e-03
1.856599999999999909e+03	0.000000000000000000e+00	1.705932259142622698e+00	-1.204211643176978644e-03
1.861599999999999909e+03	0.000000000000000000e+00	1.705924255233504550e+00	-1.204210338910037233e-03
1.866599999999999909e+03	0.000000000000000000e+00	1.705916405733449492e+00	-1.204209099150261491e-03
1.871599999999999909e+03	0.000000000000000000e+00	1.705908707663643886e+00	-1.204207920707220207e-03
1.876599999999999909e+03	0.000000000000000000e+00	1.705901158102739235e+00	-1.204206800548275873e-03
1.881599999999999909e+03	0.000000000000000000e+00	1.705893754185745737e+00	-1.204205735790780593e-03
1.886599999999999909e+03	0.000000000000000000e+00	1.705886493102943824e+00	-1.204204723694658839e-03
1.891599999999999909e+03	0.000000000000000000e+00	1.705879372098818125e+00	-1.204203761655354716e-03
1.896599999999999909e+03	0.000000000000000000e+00	1.705872388471012080e+00	-1.204202847197130295e-03
1.901599999999999909e+03	0.000000000000000000e+00	1.705865539569302092e+00	-1.204201977966693317e-03
1.906599999999999909e+03	0.000000000000000000e+00	1.705858822794591889e+00	-1.204201151727142798e-03
1.911599999999999909e+03	0.000000000000000000e+00	1.705852235597925981e+00	-1.204200366352211476e-03
1.916599999999999909e+03	0.000000000000000000e+00	1.705845775479523319e+00	-1.204199619820794064e-03
1.921599999999999909e+03	0.000000000000000000e+00	1.705839439987826722e+00	-1.204198910211746109e-03
1.926599999999999909e+03	0.000000000000000000e+00	1.705833226718574958e+00	-1.204198235698940474e-03
1.931599999999999909e+03	0.000000000000000000e+00	1.705827133313888355e+00	-1.204197594546567527e-03
1.936599999999999909e+03	0.000000000000000000e+00	1.705821157461374638e+00	-1.204196985104668237e-03
1.941599999999999909e+03	0.000000000000000000e+00	1.705815296893252286e+00	-1.204196405804887999e-03
1.946599999999999909e+03	0.000000000000000000e+00	1.705809549385488344e+00	-1.204195855156441454e-03
1.951599999999999909e+03	0.000000000000000000e+00	1.705803912756955754e+00	-1.204195331742274411e-03
1.956599999999999909e+03	0.000000000000000000e+00	1.705798384868604911e+00	-1.204194834215418976e-03
1.961599999999999909e+03	0.000000000000000000e+00	1.705792963622652092e+00	-1.204194361295525843e-03
1.966599999999999909e+03	0.000000000000000000e+00	1.705787646961783643e+00	-1.204193911765569832e-03
1.971599999999999909e+03	0.000000000000000000e+00	1.705782432868374832e+00	-1.204193484468718501e-03
1.976599999999999909e+03	0.000000000000000000e+00	1.705777319363724231e+00	-1.204193078305354709e-03
1.981599999999999909e+03	0.000000000000000000e+00	1.705772304507303216e+00	-1.204192692230246194e-03
1.986599999999999909e+03	0.000000000000000000e+00	1.705767386396018992e+00	-1.204192325249856975e-03
1.991599999999999909e+03	0.000000000000000000e+00	1.705762563163492729e+00	-1.204191976419789712e-03
1.996599999999999909e+03	0.000000000000000000e+00	1.705757832979351463e+00	-1.204191644842355583e-03
2.001599999999999909e+03	0.000000000000000000e+00	1.705753194048533095e+00	-1.204191329664264058e-03
2.006599999999999909e+03	0.000000000000000000e+00	1.705748644610605380e+00	-1.204191030074427396e-03
2.011599999999999909e+03	0.000000000000000000e+00	1.705744182939097575e+00	-1.204190745301872900e-03
2.016599999999999909e+03	0.000000000000000000e+00	1.705739807340845626e+00	-1.204190474613759049e-03
2.021599999999999909e+03	0.000000000000000000e+00	1.705735516155350018e+00	-1.204190217313489851e-03
2.026599999999999909e+03	0.000000000000000000e+00	1.705731307754144055e+00	-1.204189972738921787e-03
2.031599999999999909e+03	0.000000000000000000e+00	1.705727180540177912e+00	-1.204189740260659669e-03
2.036599999999999909e+03	0.000000000000000000e+00	1.705723132947211118e+00	-1.204189519280437918e-03
2.041599999999999909e+03	0.000000000000000000e+00	1.705719163439218811e+00	-1.204189309229579917e-03
2.046599999999999909e+03	0.000000000000000000e+00	1.705715270509808645e+00	-1.204189109567534990e-03
2.051599999999999909e+03	0.000000000000000000e+00	1.705711452681649032e+00	-1.204188919780487584e-03
2.056599999999999909e+03	0.000000000000000000e+00	1.705707708505908471e+00	-1.204188739380034328e-03
2.061599999999999909e+03	0.000000000000000000e+00	1.705704036561706438e+00	-1.204188567901927874e-03
2.066599999999999909e+03	0.000000000000000000e+00	1.705700435455573372e+00	-1.204188404904881892e-03
2.071599999999999909e+03	0.000000000000000000e+00	1.705696903820921762e+00	-1.204188249969435041e-03
2.076599999999999909e+03	0.000000000000000000e+00	1.705693440317528342e+00	-1.204188102696872624e-03
2.081599999999999909e+03	0.000000000000000000e+00	1.705690043631024944e+00	-1.204187962708198976e-03
2.086599999999999909e+03	0.000000000000000000e+00	1.705686712472399780e+00	-1.204187829643163857e-03
2.091599999999999909e+03	0.000000000000000000e+00	1.705683445577508062e+00	-1.204187703159333720e-03
2.096599999999999909e+03	0.000000000000000000e+00	1.705680241706592826e+00	-1.204187582931211991e-03
2.101599999999999909e+03	0.000000000000000000e+00	1.705677099643814199e+00	-1.204187468649399895e-03
2.106599999999999909e+03	0.000000000000000000e+00	1.705674018196787767e+00	-1.204187360019801957e-03
2.111599999999999909e+03	0.000000000000000000e+00	1.705670996196131828e+00	-1.204187256762867487e-03
2.116599999999999909e+03	0.000000000000000000e+00	1.705668032495024855e+00	-1.204187158612872411e-03
2.121599999999999909e+03	0.000000000000000000e+00	1.705665125968769180e+00	-1.204187065317234920e-03
2.126599999999999909e+03	0.000000000000000000e+00	1.705662275514364001e+00	-1.204186976635865380e-03
2.131599999999999909e+03	0.000000000000000000e+00	1.705659480050087717e+00	-1.204186892340548560e-03
2.136599999999999909e+03	0.000000000000000000e+00	1.705656738515087145e+00	-1.204186812214357071e-03
2.141599999999999909e+03	0.000000000000000000e+00	1.705654049868974287e+00	-1.204186736051091489e-03
2.146599999999999909e+03	0.000000000000000000e+00	1.705651413091432644e+00	-1.204186663654751481e-03
2.151599999999999909e+03	0.000000000000000000e+00	1.705648827181828420e+00	-1.204186594839030348e-03
2.156599999999999909e+03	0.000000000000000000e+00	1.705646291158832817e+00	-1.204186529426835590e-03
2.161599999999999909e+03	0.000000000000000000e+00	1.705643804060047675e+00	-1.204186467249833978e-03
2.166599999999999909e+03	0.000000000000000000e+00	1.705641364941641758e+00	-1.204186408148017438e-03
2.171599999999999909e+03	0.000000000000000000e+00	1.705638972877991488e+00	-1.204186351969291488e-03
2.176599999999999909e+03	0.000000000000000000e+00	1.705636626961330560e+00	-1.204186298569084488e-03
2.181599999999999909e+03	0.000000000000000000e+00	1.705634326301404657e+00	-1.204186247809975116e-03
2.186599999999999909e+03	0.000000000000000000e+00	1.705632070025133951e+00	-1.204186199561338043e-03
2.191599999999999909e+03	0.000000000000000000e+00	1.705629857276282468e+00	-1.204186153699009134e-03
2.196599999999999909e+03	0.000000000000000000e+00	1.705627687215131694e+00	-1.204186110104965178e-03
2.201599999999999909e+03	0.000000000000000000e+00	1.705625559018163262e+00	-1.204186068667019655e-03
2.206599999999999909e+03	0.000000000000000000e+00	1.705623471877745434e+00	-1.204186029278535427e-03
2.211599999999999909e+03	0.000000000000000000e+00	1.705621425001827340e+00	-1.204185991838148916e-03
2.216599999999999909e+03	0.000000000000000000e+00	1.705619417613638111e+00	-1.204185956249510109e-03
2.221599999999999909e+03	0.000000000000000000e+00	1.705617448951392223e+00	-1.204185922421034064e-03
2.226599999999999909e+03	0.000000000000000000e+00	1.705615518267999953e+00	-1.204185890265665635e-03
2.231599999999999909e+03	0.000000000000000000e+00	1.705613624830784492e+00	-1.204185859700655694e-03
2.236599999999999909e+03	0.000000000000000000e+00	1.705611767921203725e+00	-1.204185830647347107e-03
2.241599999999999909e+03	0.000000000000000000e+00	1.705609946834576895e+00	-1.204185803030973292e-03
2.246599999999999909e+03	0.000000000000000000e+00	1.705608160879818369e+00	-1.204185776780465665e-03
2.251599999999999909e+03	0.000000000000000000e+00	1.705606409379174293e+00	-1.204185751828270191e-03
2.256599999999999909e+03	0.000000000000000000e+00	1.705604691667966133e+00	-1.204185728110174561e-03
2.261599999999999909e+03	0.000000000000000000e+00	1.705603007094337986e+00	-1.204185705565141663e-03
2.266599999999999909e+03	0.000000000000000000e+00	1.705601355019009446e+00	-1.204185684135153887e-03
2.271599999999999909e+03	0.000000000000000000e+00	1.705599734815032686e+00	-1.204185663765062206e-03
2.276599999999999909e+03	0.000000000000000000e+00	1.705598145867555093e+00	-1.204185644402446095e-03
2.281599999999999909e+03	0.000000000000000000e+00	1.705596587573585454e+00	-1.204185625997477140e-03
2.286599999999999909e+03	0.000000000000000000e+00	1.705595059341765474e+00	-1.204185608502791318e-03
2.291599999999999909e+03	0.000000000000000000e+00	1.705593560592144620e+00	-1.204185591873367569e-03
2.296599999999999909e+03	0.000000000000000000e+00	1.705592090755961188e+00	-1.204185576066411131e-03
2.301599999999999909e+03	0.000000000000000000e+00	1.705590649275425585e+00	-1.204185561041244039e-03
2.306599999999999909e+03	0.000000000000000000e+00	1.705589235603508946e+00	-1.204185546759200176e-03
2.311599999999999909e+03	0.000000000000000000e+00	1.705587849203735740e+00	-1.204185533183525520e-03
2.316599999999999909e+03	0.000000000000000000e+00	1.705586489549979712e+00	-1.204185520279284259e-03
2.321599999999999909e+03	0.000000000000000000e+00	1.705585156126264490e+00	-1.204185508013268149e-03
2.326599999999999909e+03	0.000000000000000000e+00	1.705583848426567739e+00	-1.204185496353911509e-03
2.331599999999999909e+03	0.000000000000000000e+00	1.705582565954629537e+00	-1.204185485271209912e-03
2.336599999999999909e+03	0.000000000000000000e+00	1.705581308223762971e+00	-1.204185474736642987e-03
2.341599999999999909e+03	0.000000000000000000e+00	1.705580074756670950e+00	-1.204185464723100257e-03
2.346599999999999909e+03	0.000000000000000000e+00	1.705578865085263685e+00	-1.204185455204813274e-03
2.351599999999999909e+03	0.000000000000000000e+00	1.705577678750481940e+00	-1.204185446157286874e-03
2.356599999999999909e+03	0.000000000000000000e+00	1.705576515302122287e+00	-1.204185437557238033e-03
2.361599999999999909e+03	0.000000000000000000e+00	1.705575374298666347e+00	-1.204185429382535364e-03
2.366599999999999909e+03	0.000000000000000000e+00	1.705574255307114040e+00	-1.204185421612141661e-03
2.371599999999999909e+03	0.000000000000000000e+00	1.705573157902818160e+00	-1.204185414226060548e-03
2.376599999999999909e+03	0.000000000000000000e+00	1.705572081669323392e+00	-1.204185407205284226e-03
2.381599999999999909e+03	0.000000000000000000e+00	1.705571026198209106e+00	-1.204185400531745335e-03
2.386599999999999909e+03	0.000000000000000000e+00	1.705569991088933479e+00	-1.204185394188270327e-03
2.391599999999999909e+03	0.000000000000000000e+00	1.705568975948681842e+00	-1.204185388158534372e-03
2.396599999999999909e+03	0.000000000000000000e+00	1.705567980392217686e+00	-1.204185382427020367e-03
2.401599999999999909e+03	0.000000000000000000e+00	1.705567004041736556e+00	-1.204185376978978827e-03
2.406599999999999909e+03	0.000000000000000000e+00	1.705566046526721946e+00	-1.204185371800389715e-03
2.411599999999999909e+03	0.000000000000000000e+00	1.705565107483805631e+00	-1.204185366877926020e-03
2.416599999999999909e+03	0.000000000000000000e+00	1.705564186556629558e+00	-1.204185362198920356e-03
2.421599999999999909e+03	0.000000000000000000e+00	1.705563283395709950e+00	-1.204185357751331575e-03
2.426599999999999909e+03	0.000000000000000000e+00	1.705562397658305418e+00	-1.204185353523714187e-03
2.431599999999999909e+03	0.000000000000000000e+00	1.705561529008286836e+00	-1.204185349505188657e-03
2.436599999999999909e+03	0.000000000000000000e+00	1.705560677116009005e+00	-1.204185345685413648e-03
2.441599999999999909e+03	0.000000000000000000e+00	1.705559841658186970e+00	-1.204185342054559134e-03
2.446599999999999909e+03	0.000000000000000000e+00	1.705559022317771678e+00	-1.204185338603281459e-03
2.451599999999999909e+03	0.000000000000000000e+00	1.705558218783830959e+00	-1.204185335322699056e-03
2.456599999999999909e+03	0.000000000000000000e+00	1.705557430751430958e+00	-1.204185332204369459e-03
2.461599999999999909e+03	0.000000000000000000e+00	1.705556657921520669e+00	-1.204185329240268056e-03
2.466599999999999909e+03	0.000000000000000000e+00	1.705555900000817804e+00	-1.204185326422766832e-03
2.471599999999999909e+03	0.000000000000000000e+00	1.705555156701698660e+00	-1.204185323744615078e-03
2.476599999999999909e+03	0.000000000000000000e+00	1.705554427742087542e+00	-1.204185321198920954e-03
2.481599999999999909e+03	0.000000000000000000e+00	1.705553712845351289e+00	-1.204185318779133059e-03
2.486599999999999909e+03	0.000000000000000000e+00	1.705553011740192693e+00	-1.204185316479024388e-03
2.491599999999999909e+03	0.000000000000000000e+00	1.705552324160548805e+00	-1.204185314292675847e-03
2.496599999999999909e+03	0.000000000000000000e+00	1.705551649845489681e+00	-1.204185312214461076e-03
2.501599999999999909e+03	0.000000000000000000e+00	1.705550988539118240e+00	-1.204185310239031708e-03
2.506599999999999909e+03	0.000000000000000000e+00	1.705550339990475228e+00	-1.204185308361304350e-03
2.511599999999999909e+03	0.000000000000000000e+00	1.705549703953442187e+00	-1.204185306576446499e-03
2.516599999999999909e+03	0.000000000000000000e+00	1.705549080186648636e+00	-1.204185304879865255e-03
2.521599999999999909e+03	0.000000000000000000e+00	1.705548468453380817e+00	-1.204185303267194538e-03
2.526599999999999909e+03	0.000000000000000000e+00	1.705547868521491539e+00	-1.204185301734284020e-03
2.531599999999999909e+03	0.000000000000000000e+00	1.705547280163312029e+00	-1.204185300277189159e-03
2.536599999999999909e+03	0.000000000000000000e+00	1.705546703155565558e+00	-1.204185298892160132e-03
2.541599999999999909e+03	0.000000000000000000e+00	1.705546137279283059e+00	-1.204185297575632516e-03
2.546599999999999909e+03	0.000000000000000000e+00	1.705545582319719644e+00	-1.204185296324218613e-03
2.551599999999999909e+03	0.000000000000000000e+00	1.705545038066273111e+00	-1.204185295134697692e-03
2.556599999999999909e+03	0.000000000000000000e+00	1.705544504312404008e+00	-1.204185294004008833e-03
2.561599999999999909e+03	0.000000000000000000e+00	1.705543980855557917e+00	-1.204185292929242255e-03
2.566599999999999909e+03	0.000000000000000000e+00	1.705543467497087518e+00	-1.204185291907632158e-03
2.571599999999999909e+03	0.000000000000000000e+00	1.705542964042177756e+00	-1.204185290936549352e-03
2.576599999999999909e+03	0.000000000000000000e+00	1.705542470299772351e+00	-1.204185290013494967e-03
2.581599999999999909e+03	0.000000000000000000e+00	1.705541986082500294e+00	-1.204185289136093301e-03
2.586599999999999909e+03	0.000000000000000000e+00	1.705541511206605687e+00	-1.204185288302086826e-03
2.591599999999999909e+03	0.000000000000000000e+00	1.705541045491877350e+00	-1.204185287509329039e-03
2.596599999999999909e+03	0.000000000000000000e+00	1.705540588761580656e+00	-1.204185286755780123e-03
