3.008999999999999773e+02	0.000000000000000000e+00	1.877999999999999892e+00	-2.174000000000000099e-01
3.016999999999999886e+02	0.000000000000000000e+00	1.879000000000000004e+00	-2.165999999999999870e-01
3.023999999999999773e+02	0.000000000000000000e+00	1.879000000000000004e+00	-2.157999999999999918e-01
3.031000000000000227e+02	0.000000000000000000e+00	1.879999999999999893e+00	-2.149999999999999967e-01
3.038999999999999773e+02	0.000000000000000000e+00	1.881000000000000005e+00	-2.142000000000000015e-01
3.046000000000000227e+02	0.000000000000000000e+00	1.881000000000000005e+00	-2.134000000000000064e-01
3.053999999999999773e+02	0.000000000000000000e+00	1.881999999999999895e+00	-2.126000000000000112e-01
3.061000000000000227e+02	0.000000000000000000e+00	1.881999999999999895e+00	-2.116999999999999993e-01
3.068999999999999773e+02	0.000000000000000000e+00	1.883000000000000007e+00	-2.109000000000000041e-01
3.076999999999999886e+02	0.000000000000000000e+00	1.883000000000000007e+00	-2.101000000000000090e-01
3.083999999999999773e+02	0.000000000000000000e+00	1.883999999999999897e+00	-2.091999999999999971e-01
3.091999999999999886e+02	0.000000000000000000e+00	1.885000000000000009e+00	-2.084000000000000019e-01
3.100000000000000000e+02	0.000000000000000000e+00	1.885000000000000009e+00	-2.074999999999999900e-01
3.106999999999999886e+02	0.000000000000000000e+00	1.885999999999999899e+00	-2.066000000000000059e-01
3.115000000000000000e+02	0.000000000000000000e+00	1.885999999999999899e+00	-2.058000000000000107e-01
3.123000000000000114e+02	0.000000000000000000e+00	1.887000000000000011e+00	-2.048999999999999988e-01
3.131000000000000227e+02	0.000000000000000000e+00	1.887000000000000011e+00	-2.039999999999999869e-01
3.138999999999999773e+02	0.000000000000000000e+00	1.887999999999999901e+00	-2.031000000000000028e-01
3.146999999999999886e+02	0.000000000000000000e+00	1.887999999999999901e+00	-2.021999999999999909e-01
3.155000000000000000e+02	0.000000000000000000e+00	1.889000000000000012e+00	-2.013000000000000067e-01
3.163000000000000114e+02	0.000000000000000000e+00	1.889000000000000012e+00	-2.003999999999999948e-01
3.171000000000000227e+02	0.000000000000000000e+00	1.889999999999999902e+00	-1.995000000000000107e-01
3.178999999999999773e+02	0.000000000000000000e+00	1.889999999999999902e+00	-1.985999999999999988e-01
3.186999999999999886e+02	0.000000000000000000e+00	1.891000000000000014e+00	-1.975999999999999979e-01
3.195000000000000000e+02	0.000000000000000000e+00	1.891000000000000014e+00	-1.967000000000000137e-01
3.203999999999999773e+02	0.000000000000000000e+00	1.891999999999999904e+00	-1.957000000000000128e-01
3.211999999999999886e+02	0.000000000000000000e+00	1.891999999999999904e+00	-1.948000000000000009e-01
3.220000000000000000e+02	0.000000000000000000e+00	1.893000000000000016e+00	-1.938000000000000000e-01
3.228999999999999773e+02	0.000000000000000000e+00	1.893000000000000016e+00	-1.928999999999999881e-01
3.236999999999999886e+02	0.000000000000000000e+00	1.893999999999999906e+00	-1.918999999999999873e-01
3.246000000000000227e+02	0.000000000000000000e+00	1.893999999999999906e+00	-1.908999999999999864e-01
3.253999999999999773e+02	0.000000000000000000e+00	1.895000000000000018e+00	-1.899000000000000132e-01
3.263000000000000114e+02	0.000000000000000000e+00	1.895000000000000018e+00	-1.890000000000000013e-01
3.271000000000000227e+02	0.000000000000000000e+00	1.895999999999999908e+00	-1.880000000000000004e-01
3.280000000000000000e+02	0.000000000000000000e+00	1.895999999999999908e+00	-1.869999999999999996e-01
3.288999999999999773e+02	0.000000000000000000e+00	1.895999999999999908e+00	-1.859999999999999987e-01
3.296999999999999886e+02	0.000000000000000000e+00	1.897000000000000020e+00	-1.849999999999999978e-01
3.306000000000000227e+02	0.000000000000000000e+00	1.897000000000000020e+00	-1.839000000000000079e-01
3.315000000000000000e+02	0.000000000000000000e+00	1.897999999999999909e+00	-1.829000000000000070e-01
3.323999999999999773e+02	0.000000000000000000e+00	1.897999999999999909e+00	-1.819000000000000061e-01
3.333000000000000114e+02	0.000000000000000000e+00	1.897999999999999909e+00	-1.809000000000000052e-01
3.341999999999999886e+02	0.000000000000000000e+00	1.899000000000000021e+00	-1.797999999999999876e-01
3.351000000000000227e+02	0.000000000000000000e+00	1.899000000000000021e+00	-1.787999999999999867e-01
3.360000000000000000e+02	0.000000000000000000e+00	1.899000000000000021e+00	-1.778000000000000136e-01
3.368999999999999773e+02	0.000000000000000000e+00	1.899999999999999911e+00	-1.766999999999999960e-01
3.378000000000000114e+02	0.000000000000000000e+00	1.899999999999999911e+00	-1.756000000000000061e-01
3.388000000000000114e+02	0.000000000000000000e+00	1.899999999999999911e+00	-1.746000000000000052e-01
3.396999999999999886e+02	0.000000000000000000e+00	1.901000000000000023e+00	-1.734999999999999876e-01
3.406000000000000227e+02	0.000000000000000000e+00	1.901000000000000023e+00	-1.724999999999999867e-01
3.416000000000000227e+02	0.000000000000000000e+00	1.901000000000000023e+00	-1.713999999999999968e-01
3.425000000000000000e+02	0.000000000000000000e+00	1.901999999999999913e+00	-1.703000000000000069e-01
3.433999999999999773e+02	0.000000000000000000e+00	1.901999999999999913e+00	-1.691999999999999893e-01
3.443999999999999773e+02	0.000000000000000000e+00	1.901999999999999913e+00	-1.680999999999999994e-01
3.453999999999999773e+02	0.000000000000000000e+00	1.903000000000000025e+00	-1.670000000000000095e-01
3.463000000000000114e+02	0.000000000000000000e+00	1.903000000000000025e+00	-1.658999999999999919e-01
3.473000000000000114e+02	0.000000000000000000e+00	1.903000000000000025e+00	-1.648000000000000020e-01
3.483000000000000114e+02	0.000000000000000000e+00	1.903000000000000025e+00	-1.637000000000000122e-01
3.493000000000000114e+02	0.000000000000000000e+00	1.903999999999999915e+00	-1.625999999999999945e-01
3.501999999999999886e+02	0.000000000000000000e+00	1.903999999999999915e+00	-1.615000000000000047e-01
3.511999999999999886e+02	0.000000000000000000e+00	1.903999999999999915e+00	-1.603999999999999870e-01
3.521999999999999886e+02	0.000000000000000000e+00	1.903999999999999915e+00	-1.592999999999999972e-01
3.531999999999999886e+02	0.000000000000000000e+00	1.903999999999999915e+00	-1.582000000000000073e-01
3.541999999999999886e+02	0.000000000000000000e+00	1.905000000000000027e+00	-1.570000000000000007e-01
3.553000000000000114e+02	0.000000000000000000e+00	1.905000000000000027e+00	-1.559000000000000108e-01
3.563000000000000114e+02	0.000000000000000000e+00	1.905000000000000027e+00	-1.547999999999999932e-01
3.573000000000000114e+02	0.000000000000000000e+00	1.905000000000000027e+00	-1.537000000000000033e-01
3.583000000000000114e+02	0.000000000000000000e+00	1.905000000000000027e+00	-1.524999999999999967e-01
3.593999999999999773e+02	0.000000000000000000e+00	1.905000000000000027e+00	-1.514000000000000068e-01
3.603999999999999773e+02	0.000000000000000000e+00	1.905999999999999917e+00	-1.502000000000000002e-01
3.615000000000000000e+02	0.000000000000000000e+00	1.905999999999999917e+00	-1.491000000000000103e-01
3.625000000000000000e+02	0.000000000000000000e+00	1.905999999999999917e+00	-1.479999999999999927e-01
3.636000000000000227e+02	0.000000000000000000e+00	1.905999999999999917e+00	-1.468000000000000138e-01
3.646999999999999886e+02	0.000000000000000000e+00	1.905999999999999917e+00	-1.456999999999999962e-01
3.656999999999999886e+02	0.000000000000000000e+00	1.905999999999999917e+00	-1.444999999999999896e-01
3.668000000000000114e+02	0.000000000000000000e+00	1.905999999999999917e+00	-1.433000000000000107e-01
3.678999999999999773e+02	0.000000000000000000e+00	1.905999999999999917e+00	-1.421999999999999931e-01
3.690000000000000000e+02	0.000000000000000000e+00	1.905999999999999917e+00	-1.409999999999999865e-01
3.701000000000000227e+02	0.000000000000000000e+00	1.905999999999999917e+00	-1.398999999999999966e-01
3.711999999999999886e+02	0.000000000000000000e+00	1.905999999999999917e+00	-1.386999999999999900e-01
3.723000000000000114e+02	0.000000000000000000e+00	1.905999999999999917e+00	-1.376000000000000001e-01
3.733999999999999773e+02	0.000000000000000000e+00	1.905999999999999917e+00	-1.363999999999999935e-01
3.746000000000000227e+02	0.000000000000000000e+00	1.905999999999999917e+00	-1.351999999999999869e-01
3.756999999999999886e+02	0.000000000000000000e+00	1.905999999999999917e+00	-1.340999999999999970e-01
3.768999999999999773e+02	0.000000000000000000e+00	1.905999999999999917e+00	-1.328999999999999904e-01
3.780000000000000000e+02	0.000000000000000000e+00	1.905999999999999917e+00	-1.317000000000000115e-01
3.791999999999999886e+02	0.000000000000000000e+00	1.905999999999999917e+00	-1.305999999999999939e-01
3.803000000000000114e+02	0.000000000000000000e+00	1.905999999999999917e+00	-1.293999999999999873e-01
3.815000000000000000e+02	0.000000000000000000e+00	1.905999999999999917e+00	-1.282000000000000084e-01
3.826999999999999886e+02	0.000000000000000000e+00	1.905999999999999917e+00	-1.270999999999999908e-01
3.838999999999999773e+02	0.000000000000000000e+00	1.905999999999999917e+00	-1.259000000000000119e-01
3.850000000000000000e+02	0.000000000000000000e+00	1.905999999999999917e+00	-1.247000000000000053e-01
3.861999999999999886e+02	0.000000000000000000e+00	1.905999999999999917e+00	-1.236000000000000015e-01
3.875000000000000000e+02	0.000000000000000000e+00	1.905999999999999917e+00	-1.223999999999999949e-01
3.886999999999999886e+02	0.000000000000000000e+00	1.905999999999999917e+00	-1.212000000000000022e-01
3.898999999999999773e+02	0.000000000000000000e+00	1.905999999999999917e+00	-1.200999999999999984e-01
3.911000000000000227e+02	0.000000000000000000e+00	1.905999999999999917e+00	-1.189000000000000057e-01
3.923999999999999773e+02	0.000000000000000000e+00	1.905000000000000027e+00	-1.178000000000000019e-01
3.936000000000000227e+02	0.000000000000000000e+00	1.905000000000000027e+00	-1.165999999999999953e-01
3.948999999999999773e+02	0.000000000000000000e+00	1.905000000000000027e+00	-1.154000000000000026e-01
3.961000000000000227e+02	0.000000000000000000e+00	1.905000000000000027e+00	-1.142999999999999988e-01
3.973999999999999773e+02	0.000000000000000000e+00	1.905000000000000027e+00	-1.131000000000000061e-01
3.986999999999999886e+02	0.000000000000000000e+00	1.905000000000000027e+00	-1.120000000000000023e-01
4.000000000000000000e+02	0.000000000000000000e+00	1.903999999999999915e+00	-1.107999999999999957e-01
4.011999999999999886e+02	0.000000000000000000e+00	1.903999999999999915e+00	-1.097000000000000058e-01
4.025000000000000000e+02	0.000000000000000000e+00	1.903999999999999915e+00	-1.084999999999999992e-01
4.038999999999999773e+02	0.000000000000000000e+00	1.903999999999999915e+00	-1.073999999999999955e-01
4.051999999999999886e+02	0.000000000000000000e+00	1.903000000000000025e+00	-1.062000000000000027e-01
4.065000000000000000e+02	0.000000000000000000e+00	1.903000000000000025e+00	-1.050999999999999990e-01
4.078000000000000114e+02	0.000000000000000000e+00	1.903000000000000025e+00	-1.039999999999999952e-01
4.091999999999999886e+02	0.000000000000000000e+00	1.903000000000000025e+00	-1.028000000000000025e-01
4.105000000000000000e+02	0.000000000000000000e+00	1.901999999999999913e+00	-1.016999999999999987e-01
4.118999999999999773e+02	0.000000000000000000e+00	1.901999999999999913e+00	-1.005999999999999950e-01
4.133000000000000114e+02	0.000000000000000000e+00	1.901999999999999913e+00	-9.940000000000000224e-02
4.146999999999999886e+02	0.000000000000000000e+00	1.901000000000000023e+00	-9.829999999999999849e-02
4.161000000000000227e+02	0.000000000000000000e+00	1.901000000000000023e+00	-9.719999999999999474e-02
4.175000000000000000e+02	0.000000000000000000e+00	1.901000000000000023e+00	-9.610000000000000486e-02
4.188999999999999773e+02	0.000000000000000000e+00	1.899999999999999911e+00	-9.489999999999999825e-02
4.203000000000000114e+02	0.000000000000000000e+00	1.899999999999999911e+00	-9.379999999999999449e-02
4.216999999999999886e+02	0.000000000000000000e+00	1.899999999999999911e+00	-9.270000000000000462e-02
4.231999999999999886e+02	0.000000000000000000e+00	1.899000000000000021e+00	-9.160000000000000087e-02
4.246000000000000227e+02	0.000000000000000000e+00	1.899000000000000021e+00	-9.049999999999999711e-02
4.261000000000000227e+02	0.000000000000000000e+00	1.899000000000000021e+00	-8.939999999999999336e-02
4.275000000000000000e+02	0.000000000000000000e+00	1.897999999999999909e+00	-8.830000000000000349e-02
4.290000000000000000e+02	0.000000000000000000e+00	1.897999999999999909e+00	-8.730000000000000260e-02
4.305000000000000000e+02	0.000000000000000000e+00	1.897000000000000020e+00	-8.619999999999999885e-02
4.320000000000000000e+02	0.000000000000000000e+00	1.897000000000000020e+00	-8.509999999999999509e-02
4.335000000000000000e+02	0.000000000000000000e+00	1.897000000000000020e+00	-8.400000000000000522e-02
4.350000000000000000e+02	0.000000000000000000e+00	1.895999999999999908e+00	-8.300000000000000433e-02
4.366000000000000227e+02	0.000000000000000000e+00	1.895999999999999908e+00	-8.190000000000000058e-02
4.381000000000000227e+02	0.000000000000000000e+00	1.895000000000000018e+00	-8.079999999999999682e-02
4.396999999999999886e+02	0.000000000000000000e+00	1.895000000000000018e+00	-7.979999999999999594e-02
4.411999999999999886e+02	0.000000000000000000e+00	1.893999999999999906e+00	-7.870000000000000606e-02
4.428000000000000114e+02	0.000000000000000000e+00	1.893999999999999906e+00	-7.770000000000000517e-02
4.443999999999999773e+02	0.000000000000000000e+00	1.893000000000000016e+00	-7.670000000000000429e-02
4.460000000000000000e+02	0.000000000000000000e+00	1.893000000000000016e+00	-7.560000000000000053e-02
4.476000000000000227e+02	0.000000000000000000e+00	1.891999999999999904e+00	-7.459999999999999964e-02
4.491999999999999886e+02	0.000000000000000000e+00	1.891999999999999904e+00	-7.359999999999999876e-02
4.508999999999999773e+02	0.000000000000000000e+00	1.891000000000000014e+00	-7.259999999999999787e-02
4.525000000000000000e+02	0.000000000000000000e+00	1.891000000000000014e+00	-7.159999999999999698e-02
4.541999999999999886e+02	0.000000000000000000e+00	1.889999999999999902e+00	-7.059999999999999609e-02
4.558000000000000114e+02	0.000000000000000000e+00	1.889999999999999902e+00	-6.959999999999999520e-02
4.575000000000000000e+02	0.000000000000000000e+00	1.889000000000000012e+00	-6.859999999999999432e-02
4.591999999999999886e+02	0.000000000000000000e+00	1.889000000000000012e+00	-6.759999999999999343e-02
4.608999999999999773e+02	0.000000000000000000e+00	1.887999999999999901e+00	-6.660000000000000642e-02
4.626000000000000227e+02	0.000000000000000000e+00	1.887000000000000011e+00	-6.569999999999999452e-02
4.643999999999999773e+02	0.000000000000000000e+00	1.887000000000000011e+00	-6.469999999999999363e-02
4.661000000000000227e+02	0.000000000000000000e+00	1.885999999999999899e+00	-6.370000000000000662e-02
4.678999999999999773e+02	0.000000000000000000e+00	1.885999999999999899e+00	-6.279999999999999472e-02
4.696000000000000227e+02	0.000000000000000000e+00	1.885000000000000009e+00	-6.180000000000000077e-02
4.713999999999999773e+02	0.000000000000000000e+00	1.883999999999999897e+00	-6.090000000000000274e-02
4.731999999999999886e+02	0.000000000000000000e+00	1.883999999999999897e+00	-5.999999999999999778e-02
4.750000000000000000e+02	0.000000000000000000e+00	1.883000000000000007e+00	-5.899999999999999689e-02
4.768999999999999773e+02	0.000000000000000000e+00	1.883000000000000007e+00	-5.809999999999999887e-02
4.786999999999999886e+02	0.000000000000000000e+00	1.881999999999999895e+00	-5.720000000000000084e-02
4.806000000000000227e+02	0.000000000000000000e+00	1.881000000000000005e+00	-5.630000000000000282e-02
4.823999999999999773e+02	0.000000000000000000e+00	1.881000000000000005e+00	-5.539999999999999786e-02
4.843000000000000114e+02	0.000000000000000000e+00	1.879999999999999893e+00	-5.449999999999999983e-02
4.861999999999999886e+02	0.000000000000000000e+00	1.879000000000000004e+00	-5.360000000000000181e-02
4.881000000000000227e+02	0.000000000000000000e+00	1.879000000000000004e+00	-5.279999999999999971e-02
4.901000000000000227e+02	0.000000000000000000e+00	1.877999999999999892e+00	-5.190000000000000169e-02
4.920000000000000000e+02	0.000000000000000000e+00	1.877000000000000002e+00	-5.099999999999999672e-02
4.940000000000000000e+02	0.000000000000000000e+00	1.877000000000000002e+00	-5.020000000000000157e-02
4.958999999999999773e+02	0.000000000000000000e+00	1.875999999999999890e+00	-4.929999999999999660e-02
4.978999999999999773e+02	0.000000000000000000e+00	1.875000000000000000e+00	-4.850000000000000144e-02
4.998999999999999773e+02	0.000000000000000000e+00	1.875000000000000000e+00	-4.769999999999999934e-02
5.020000000000000000e+02	0.000000000000000000e+00	1.874000000000000110e+00	-4.689999999999999725e-02
5.040000000000000000e+02	0.000000000000000000e+00	1.872999999999999998e+00	-4.599999999999999922e-02
5.061000000000000227e+02	0.000000000000000000e+00	1.872000000000000108e+00	-4.519999999999999712e-02
5.081000000000000227e+02	0.000000000000000000e+00	1.872000000000000108e+00	-4.440000000000000197e-02
5.101999999999999886e+02	0.000000000000000000e+00	1.870999999999999996e+00	-4.359999999999999987e-02
5.122999999999999545e+02	0.000000000000000000e+00	1.870000000000000107e+00	-4.290000000000000063e-02
5.145000000000000000e+02	0.000000000000000000e+00	1.868999999999999995e+00	-4.209999999999999853e-02
5.166000000000000227e+02	0.000000000000000000e+00	1.868999999999999995e+00	-4.130000000000000338e-02
5.187999999999999545e+02	0.000000000000000000e+00	1.868000000000000105e+00	-4.050000000000000128e-02
5.208999999999999773e+02	0.000000000000000000e+00	1.866999999999999993e+00	-3.980000000000000204e-02
5.231000000000000227e+02	0.000000000000000000e+00	1.866999999999999993e+00	-3.899999999999999994e-02
5.253999999999999773e+02	0.000000000000000000e+00	1.866000000000000103e+00	-3.830000000000000071e-02
5.276000000000000227e+02	0.000000000000000000e+00	1.864999999999999991e+00	-3.760000000000000148e-02
5.298999999999999773e+02	0.000000000000000000e+00	1.864000000000000101e+00	-3.690000000000000224e-02
5.321000000000000227e+02	0.000000000000000000e+00	1.862999999999999989e+00	-3.610000000000000014e-02
5.343999999999999773e+02	0.000000000000000000e+00	1.862999999999999989e+00	-3.540000000000000091e-02
5.367000000000000455e+02	0.000000000000000000e+00	1.862000000000000099e+00	-3.470000000000000168e-02
5.391000000000000227e+02	0.000000000000000000e+00	1.860999999999999988e+00	-3.400000000000000244e-02
5.413999999999999773e+02	0.000000000000000000e+00	1.860000000000000098e+00	-3.339999999999999913e-02
5.437999999999999545e+02	0.000000000000000000e+00	1.860000000000000098e+00	-3.269999999999999990e-02
5.462000000000000455e+02	0.000000000000000000e+00	1.858999999999999986e+00	-3.200000000000000067e-02
5.486000000000000227e+02	0.000000000000000000e+00	1.858000000000000096e+00	-3.130000000000000143e-02
5.510000000000000000e+02	0.000000000000000000e+00	1.856999999999999984e+00	-3.070000000000000159e-02
5.535000000000000000e+02	0.000000000000000000e+00	1.856000000000000094e+00	-3.009999999999999828e-02
5.560000000000000000e+02	0.000000000000000000e+00	1.856000000000000094e+00	-2.939999999999999905e-02
5.585000000000000000e+02	0.000000000000000000e+00	1.854999999999999982e+00	-2.879999999999999921e-02
5.610000000000000000e+02	0.000000000000000000e+00	1.854000000000000092e+00	-2.819999999999999937e-02
5.636000000000000227e+02	0.000000000000000000e+00	1.852999999999999980e+00	-2.759999999999999953e-02
5.661000000000000227e+02	0.000000000000000000e+00	1.852999999999999980e+00	-2.690000000000000030e-02
5.687000000000000455e+02	0.000000000000000000e+00	1.852000000000000091e+00	-2.630000000000000046e-02
5.713999999999999773e+02	0.000000000000000000e+00	1.850999999999999979e+00	-2.580000000000000002e-02
5.740000000000000000e+02	0.000000000000000000e+00	1.850000000000000089e+00	-2.520000000000000018e-02
5.767000000000000455e+02	0.000000000000000000e+00	1.848999999999999977e+00	-2.460000000000000034e-02
5.793999999999999773e+02	0.000000000000000000e+00	1.848000000000000087e+00	-2.400000000000000050e-02
5.821000000000000227e+02	0.000000000000000000e+00	1.848000000000000087e+00	-2.350000000000000006e-02
5.847999999999999545e+02	0.000000000000000000e+00	1.846999999999999975e+00	-2.290000000000000022e-02
5.876000000000000227e+02	0.000000000000000000e+00	1.846000000000000085e+00	-2.239999999999999977e-02
5.903999999999999773e+02	0.000000000000000000e+00	1.844999999999999973e+00	-2.179999999999999993e-02
5.932000000000000455e+02	0.000000000000000000e+00	1.844000000000000083e+00	-2.129999999999999949e-02
5.961000000000000227e+02	0.000000000000000000e+00	1.844000000000000083e+00	-2.079999999999999905e-02
5.990000000000000000e+02	0.000000000000000000e+00	1.842999999999999972e+00	-2.029999999999999860e-02
6.018999999999999773e+02	0.000000000000000000e+00	1.842000000000000082e+00	-1.980000000000000163e-02
6.047999999999999545e+02	0.000000000000000000e+00	1.840999999999999970e+00	-1.930000000000000118e-02
6.077999999999999545e+02	0.000000000000000000e+00	1.840000000000000080e+00	-1.880000000000000074e-02
6.107999999999999545e+02	0.000000000000000000e+00	1.838999999999999968e+00	-1.830000000000000029e-02
6.137999999999999545e+02	0.000000000000000000e+00	1.838999999999999968e+00	-1.779999999999999985e-02
6.167999999999999545e+02	0.000000000000000000e+00	1.838000000000000078e+00	-1.739999999999999880e-02
6.198999999999999773e+02	0.000000000000000000e+00	1.836999999999999966e+00	-1.689999999999999836e-02
6.230000000000000000e+02	0.000000000000000000e+00	1.836000000000000076e+00	-1.650000000000000078e-02
6.262000000000000455e+02	0.000000000000000000e+00	1.834999999999999964e+00	-1.600000000000000033e-02
6.293999999999999773e+02	0.000000000000000000e+00	1.834999999999999964e+00	-1.559999999999999928e-02
6.326000000000000227e+02	0.000000000000000000e+00	1.834000000000000075e+00	-1.510000000000000057e-02
6.357999999999999545e+02	0.000000000000000000e+00	1.832999999999999963e+00	-1.469999999999999953e-02
6.391000000000000227e+02	0.000000000000000000e+00	1.832000000000000073e+00	-1.430000000000000021e-02
6.423999999999999773e+02	0.000000000000000000e+00	1.830999999999999961e+00	-1.389999999999999916e-02
6.457999999999999545e+02	0.000000000000000000e+00	1.830000000000000071e+00	-1.349999999999999985e-02
6.491000000000000227e+02	0.000000000000000000e+00	1.830000000000000071e+00	-1.310000000000000053e-02
6.526000000000000227e+02	0.000000000000000000e+00	1.828999999999999959e+00	-1.269999999999999948e-02
6.560000000000000000e+02	0.000000000000000000e+00	1.828000000000000069e+00	-1.230000000000000017e-02
6.595000000000000000e+02	0.000000000000000000e+00	1.826999999999999957e+00	-1.190000000000000085e-02
6.630000000000000000e+02	0.000000000000000000e+00	1.826000000000000068e+00	-1.159999999999999920e-02
6.666000000000000227e+02	0.000000000000000000e+00	1.824999999999999956e+00	-1.119999999999999989e-02
6.702000000000000455e+02	0.000000000000000000e+00	1.824999999999999956e+00	-1.089999999999999997e-02
6.737999999999999545e+02	0.000000000000000000e+00	1.824000000000000066e+00	-1.050000000000000065e-02
6.775000000000000000e+02	0.000000000000000000e+00	1.822999999999999954e+00	-1.020000000000000073e-02
6.812000000000000455e+02	0.000000000000000000e+00	1.822000000000000064e+00	-9.830000000000000196e-03
6.850000000000000000e+02	0.000000000000000000e+00	1.820999999999999952e+00	-9.499999999999999764e-03
6.887999999999999545e+02	0.000000000000000000e+00	1.820999999999999952e+00	-9.180000000000000659e-03
6.927000000000000455e+02	0.000000000000000000e+00	1.820000000000000062e+00	-8.859999999999999820e-03
6.965000000000000000e+02	0.000000000000000000e+00	1.818999999999999950e+00	-8.559999999999999901e-03
7.005000000000000000e+02	0.000000000000000000e+00	1.818000000000000060e+00	-8.250000000000000389e-03
7.045000000000000000e+02	0.000000000000000000e+00	1.816999999999999948e+00	-7.960000000000000062e-03
7.085000000000000000e+02	0.000000000000000000e+00	1.816000000000000059e+00	-7.669999999999999735e-03
7.126000000000000227e+02	0.000000000000000000e+00	1.816000000000000059e+00	-7.389999999999999868e-03
7.167000000000000455e+02	0.000000000000000000e+00	1.814999999999999947e+00	-7.110000000000000001e-03
7.207999999999999545e+02	0.000000000000000000e+00	1.814000000000000057e+00	-6.839999999999999726e-03
7.251000000000000227e+02	0.000000000000000000e+00	1.812999999999999945e+00	-6.570000000000000319e-03
7.292999999999999545e+02	0.000000000000000000e+00	1.812000000000000055e+00	-6.320000000000000097e-03
7.336000000000000227e+02	0.000000000000000000e+00	1.812000000000000055e+00	-6.060000000000000282e-03
7.380000000000000000e+02	0.000000000000000000e+00	1.810999999999999943e+00	-5.819999999999999653e-03
7.423999999999999773e+02	0.000000000000000000e+00	1.810000000000000053e+00	-5.579999999999999891e-03
7.468999999999999773e+02	0.000000000000000000e+00	1.808999999999999941e+00	-5.340000000000000129e-03
7.513999999999999773e+02	0.000000000000000000e+00	1.808000000000000052e+00	-5.109999999999999959e-03
7.560000000000000000e+02	0.000000000000000000e+00	1.808000000000000052e+00	-4.890000000000000249e-03
7.606000000000000227e+02	0.000000000000000000e+00	1.806999999999999940e+00	-4.669999999999999672e-03
7.652999999999999545e+02	0.000000000000000000e+00	1.806000000000000050e+00	-4.460000000000000422e-03
7.701000000000000227e+02	0.000000000000000000e+00	1.804999999999999938e+00	-4.259999999999999898e-03
7.748999999999999773e+02	0.000000000000000000e+00	1.804000000000000048e+00	-4.060000000000000241e-03
7.797999999999999545e+02	0.000000000000000000e+00	1.804000000000000048e+00	-3.860000000000000150e-03
7.847000000000000455e+02	0.000000000000000000e+00	1.802999999999999936e+00	-3.670000000000000085e-03
7.897000000000000455e+02	0.000000000000000000e+00	1.802000000000000046e+00	-3.490000000000000047e-03
7.947999999999999545e+02	0.000000000000000000e+00	1.800999999999999934e+00	-3.310000000000000008e-03
7.998999999999999773e+02	0.000000000000000000e+00	1.800999999999999934e+00	-3.139999999999999996e-03
8.051000000000000227e+02	0.000000000000000000e+00	1.800000000000000044e+00	-2.969999999999999984e-03
8.103999999999999773e+02	0.000000000000000000e+00	1.798999999999999932e+00	-2.809999999999999998e-03
8.157000000000000455e+02	0.000000000000000000e+00	1.798000000000000043e+00	-2.650000000000000012e-03
8.211000000000000227e+02	0.000000000000000000e+00	1.796999999999999931e+00	-2.500000000000000052e-03
8.266000000000000227e+02	0.000000000000000000e+00	1.796999999999999931e+00	-2.350000000000000092e-03
8.266000000000000227e+02	0.000000000000000000e+00	1.796489926746594801e+00	-2.304226540212235986e-03
8.316000000000000227e+02	0.000000000000000000e+00	1.795786641279262241e+00	-2.174986338258520432e-03
8.366000000000000227e+02	0.000000000000000000e+00	1.795093781387067766e+00	-2.051044155841663056e-03
8.416000000000000227e+02	0.000000000000000000e+00	1.794411192520227738e+00	-1.932182808133815679e-03
8.466000000000000227e+02	0.000000000000000000e+00	1.793738722420019638e+00	-1.818194013492380797e-03
8.516000000000000227e+02	0.000000000000000000e+00	1.793076221084820121e+00	-1.708878028486526552e-03
8.566000000000000227e+02	0.000000000000000000e+00	1.792423540736645338e+00	-1.604043297885236752e-03
8.616000000000000227e+02	0.000000000000000000e+00	1.791780535788186635e+00	-1.503506118993640835e-03
8.666000000000000227e+02	0.000000000000000000e+00	1.791147062810336976e+00	-1.407090319749369940e-03
8.716000000000000227e+02	0.000000000000000000e+00	1.790522980500196759e+00	-1.314626950014927999e-03
8.766000000000000227e+02	0.000000000000000000e+00	1.789908149649554581e+00	-1.225953985525075722e-03
8.816000000000000227e+02	0.000000000000000000e+00	1.789302433113836299e+00	-1.140916043970477065e-03
8.866000000000000227e+02	0.000000000000000000e+00	1.788705695781512395e+00	-1.059364112720099019e-03
8.916000000000000227e+02	0.000000000000000000e+00	1.788117804543960521e+00	-9.811552877052581029e-04
8.966000000000000227e+02	0.000000000000000000e+00	1.787538628265774143e+00	-9.061525230077168000e-04
9.016000000000000227e+02	0.000000000000000000e+00	1.786968037755511274e+00	-8.342243907130891074e-04
9.066000000000000227e+02	0.000000000000000000e+00	1.786405905736876853e+00	-7.652448506087068366e-04
9.116000000000000227e+02	0.000000000000000000e+00	1.785852106820332574e+00	-6.990930293224048792e-04
9.166000000000000227e+02	0.000000000000000000e+00	1.785306517475127253e+00	-6.356530085151764322e-04
9.216000000000000227e+02	0.000000000000000000e+00	1.784769016001742648e+00	-5.748136217565978949e-04
9.266000000000000227e+02	0.000000000000000000e+00	1.784239482504745622e+00	-5.164682597270526523e-04
9.316000000000000227e+02	0.000000000000000000e+00	1.783717798866045978e+00	-4.605146834053974606e-04
9.366000000000000227e+02	0.000000000000000000e+00	1.783203848718547535e+00	-4.068548449147579545e-04
9.416000000000000227e+02	0.000000000000000000e+00	1.782697517420192002e+00	-3.553947157124841575e-04
9.466000000000000227e+02	0.000000000000000000e+00	1.782198692028386544e+00	-3.060441218232309727e-04
9.516000000000000227e+02	0.000000000000000000e+00	1.781707261274810605e+00	-2.587165858264013673e-04
9.566000000000000227e+02	0.000000000000000000e+00	1.781223115540596869e+00	-2.133291753211138042e-04
9.616000000000000227e+02	0.000000000000000000e+00	1.780746146831878818e+00	-1.698023576031296557e-04
9.666000000000000227e+02	0.000000000000000000e+00	1.780276248755702007e+00	-1.280598602990815679e-04
9.716000000000000227e+02	0.000000000000000000e+00	1.779813316496292597e+00	-8.802853771382092990e-05
9.766000000000000227e+02	0.000000000000000000e+00	1.779357246791675617e+00	-4.963824265665699002e-05
9.816000000000000227e+02	0.000000000000000000e+00	1.778907937910642278e+00	-1.282170352190912296e-05
9.866000000000000227e+02	0.000000000000000000e+00	1.778465289630058122e+00	0.000000000000000000e+00
9.916000000000000227e+02	0.000000000000000000e+00	1.778029203212505793e+00	0.000000000000000000e+00
9.966000000000000227e+02	0.000000000000000000e+00	1.777599581384261773e+00	0.000000000000000000e+00
1.001600000000000023e+03	0.000000000000000000e+00	1.777176328313598397e+00	0.000000000000000000e+00
1.006600000000000023e+03	0.000000000000000000e+00	1.776759349589406733e+00	0.000000000000000000e+00
1.011600000000000023e+03	0.000000000000000000e+00	1.776348552200138098e+00	0.000000000000000000e+00
1.016600000000000023e+03	0.000000000000000000e+00	1.775943844513056202e+00	0.000000000000000000e+00
1.021600000000000023e+03	0.000000000000000000e+00	1.775545136253797951e+00	0.000000000000000000e+00
1.026599999999999909e+03	0.000000000000000000e+00	1.775152338486236436e+00	0.000000000000000000e+00
1.031599999999999909e+03	0.000000000000000000e+00	1.774765363592642808e+00	0.000000000000000000e+00
1.036599999999999909e+03	0.000000000000000000e+00	1.774384125254142575e+00	0.000000000000000000e+00
1.041599999999999909e+03	0.000000000000000000e+00	1.774008538431460780e+00	0.000000000000000000e+00
1.046599999999999909e+03	0.000000000000000000e+00	1.773638519345953624e+00	0.000000000000000000e+00
1.051599999999999909e+03	0.000000000000000000e+00	1.773273985460920077e+00	0.000000000000000000e+00
1.056599999999999909e+03	0.000000000000000000e+00	1.772914855463191497e+00	0.000000000000000000e+00
1.061599999999999909e+03	0.000000000000000000e+00	1.772561049244994358e+00	0.000000000000000000e+00
1.066599999999999909e+03	0.000000000000000000e+00	1.772212487886080545e+00	0.000000000000000000e+00
1.071599999999999909e+03	0.000000000000000000e+00	1.771869093636123660e+00	0.000000000000000000e+00
1.076599999999999909e+03	0.000000000000000000e+00	1.771530789897376224e+00	0.000000000000000000e+00
1.081599999999999909e+03	0.000000000000000000e+00	1.771197501207583569e+00	0.000000000000000000e+00
1.086599999999999909e+03	0.000000000000000000e+00	1.770869153223151082e+00	0.000000000000000000e+00
1.091599999999999909e+03	0.000000000000000000e+00	1.770545672702560802e+00	0.000000000000000000e+00
1.096599999999999909e+03	0.000000000000000000e+00	1.770226987490035153e+00	0.000000000000000000e+00
1.101599999999999909e+03	0.000000000000000000e+00	1.769913026499440489e+00	0.000000000000000000e+00
1.106599999999999909e+03	0.000000000000000000e+00	1.769603719698431776e+00	0.000000000000000000e+00
1.111599999999999909e+03	0.000000000000000000e+00	1.769298998092829978e+00	0.000000000000000000e+00
1.116599999999999909e+03	0.000000000000000000e+00	1.768998793711233031e+00	0.000000000000000000e+00
1.121599999999999909e+03	0.000000000000000000e+00	1.768703039589854198e+00	0.000000000000000000e+00
1.126599999999999909e+03	0.000000000000000000e+00	1.768411669757584237e+00	0.000000000000000000e+00
1.131599999999999909e+03	0.000000000000000000e+00	1.768124619221276284e+00	0.000000000000000000e+00
1.136599999999999909e+03	0.000000000000000000e+00	1.767841823951249003e+00	0.000000000000000000e+00
1.141599999999999909e+03	0.000000000000000000e+00	1.767563220867002904e+00	0.000000000000000000e+00
1.146599999999999909e+03	0.000000000000000000e+00	1.767288747823150930e+00	0.000000000000000000e+00
1.151599999999999909e+03	0.000000000000000000e+00	1.767018343595554652e+00	0.000000000000000000e+00
1.156599999999999909e+03	0.000000000000000000e+00	1.766751947867669426e+00	0.000000000000000000e+00
1.161599999999999909e+03	0.000000000000000000e+00	1.766489501217088476e+00	0.000000000000000000e+00
1.166599999999999909e+03	0.000000000000000000e+00	1.766230945102289285e+00	0.000000000000000000e+00
1.171599999999999909e+03	0.000000000000000000e+00	1.765976221849574257e+00	0.000000000000000000e+00
1.176599999999999909e+03	0.000000000000000000e+00	1.765725274640207232e+00	0.000000000000000000e+00
1.181599999999999909e+03	0.000000000000000000e+00	1.765478047497738512e+00	0.000000000000000000e+00
1.186599999999999909e+03	0.000000000000000000e+00	1.765234485275518628e+00	0.000000000000000000e+00
1.191599999999999909e+03	0.000000000000000000e+00	1.764994533644397734e+00	0.000000000000000000e+00
1.196599999999999909e+03	0.000000000000000000e+00	1.764758139080607524e+00	0.000000000000000000e+00
1.201599999999999909e+03	0.000000000000000000e+00	1.764525248853820338e+00	0.000000000000000000e+00
1.206599999999999909e+03	0.000000000000000000e+00	1.764295811015389237e+00	0.000000000000000000e+00
1.211599999999999909e+03	0.000000000000000000e+00	1.764069774386758604e+00	0.000000000000000000e+00
1.216599999999999909e+03	0.000000000000000000e+00	1.763847088548049280e+00	0.000000000000000000e+00
1.221599999999999909e+03	0.000000000000000000e+00	1.763627703826811333e+00	0.000000000000000000e+00
1.226599999999999909e+03	0.000000000000000000e+00	1.763411571286944701e+00	0.000000000000000000e+00
1.231599999999999909e+03	0.000000000000000000e+00	1.763198642717782372e+00	0.000000000000000000e+00
1.236599999999999909e+03	0.000000000000000000e+00	1.762988870623337645e+00	0.000000000000000000e+00
1.241599999999999909e+03	0.000000000000000000e+00	1.762782208211708834e+00	0.000000000000000000e+00
1.246599999999999909e+03	0.000000000000000000e+00	1.762578609384642281e+00	0.000000000000000000e+00
1.251599999999999909e+03	0.000000000000000000e+00	1.762378028727249912e+00	0.000000000000000000e+00
1.256599999999999909e+03	0.000000000000000000e+00	1.762180421497877791e+00	0.000000000000000000e+00
1.261599999999999909e+03	0.000000000000000000e+00	1.761985743618127209e+00	0.000000000000000000e+00
1.266599999999999909e+03	0.000000000000000000e+00	1.761793951663022328e+00	0.000000000000000000e+00
1.271599999999999909e+03	0.000000000000000000e+00	1.761605002851323265e+00	0.000000000000000000e+00
1.276599999999999909e+03	0.000000000000000000e+00	1.761418855035983722e+00	0.000000000000000000e+00
1.281599999999999909e+03	0.000000000000000000e+00	1.761235466694749174e+00	0.000000000000000000e+00
1.286599999999999909e+03	0.000000000000000000e+00	1.761054796920895615e+00	0.000000000000000000e+00
1.291599999999999909e+03	0.000000000000000000e+00	1.760876805414104185e+00	0.000000000000000000e+00
1.296599999999999909e+03	0.000000000000000000e+00	1.760701452471472361e+00	0.000000000000000000e+00
1.301599999999999909e+03	0.000000000000000000e+00	1.760528698978657047e+00	0.000000000000000000e+00
1.306599999999999909e+03	0.000000000000000000e+00	1.760358506401150658e+00	0.000000000000000000e+00
1.311599999999999909e+03	0.000000000000000000e+00	1.760190836775684442e+00	0.000000000000000000e+00
1.316599999999999909e+03	0.000000000000000000e+00	1.760025652701761478e+00	0.000000000000000000e+00
1.321599999999999909e+03	0.000000000000000000e+00	1.759862917333313570e+00	0.000000000000000000e+00
1.326599999999999909e+03	0.000000000000000000e+00	1.759702594370482043e+00	0.000000000000000000e+00
1.331599999999999909e+03	0.000000000000000000e+00	1.759544648051521332e+00	0.000000000000000000e+00
1.336599999999999909e+03	0.000000000000000000e+00	1.759389043144821585e+00	0.000000000000000000e+00
1.341599999999999909e+03	0.000000000000000000e+00	1.759235744941049617e+00	0.000000000000000000e+00
1.346599999999999909e+03	0.000000000000000000e+00	1.759084719245407546e+00	0.000000000000000000e+00
1.351599999999999909e+03	0.000000000000000000e+00	1.758935932370003563e+00	0.000000000000000000e+00
1.356599999999999909e+03	0.000000000000000000e+00	1.758789351126339939e+00	0.000000000000000000e+00
1.361599999999999909e+03	0.000000000000000000e+00	1.758644942817907619e+00	0.000000000000000000e+00
1.366599999999999909e+03	0.000000000000000000e+00	1.758502675232894275e+00	0.000000000000000000e+00
1.371599999999999909e+03	0.000000000000000000e+00	1.758362516636998496e+00	0.000000000000000000e+00
1.376599999999999909e+03	0.000000000000000000e+00	1.758224435766351901e+00	0.000000000000000000e+00
1.381599999999999909e+03	0.000000000000000000e+00	1.758088401820544489e+00	0.000000000000000000e+00
1.386599999999999909e+03	0.000000000000000000e+00	1.757954384455754360e+00	0.000000000000000000e+00
1.391599999999999909e+03	0.000000000000000000e+00	1.757822353777980462e+00	0.000000000000000000e+00
1.396599999999999909e+03	0.000000000000000000e+00	1.757692280336372370e+00	0.000000000000000000e+00
1.401599999999999909e+03	0.000000000000000000e+00	1.757564135116662651e+00	0.000000000000000000e+00
1.406599999999999909e+03	0.000000000000000000e+00	1.757437889534694264e+00	0.000000000000000000e+00
1.411599999999999909e+03	0.000000000000000000e+00	1.757313515430044770e+00	0.000000000000000000e+00
1.416599999999999909e+03	0.000000000000000000e+00	1.757190985059744026e+00	0.000000000000000000e+00
1.421599999999999909e+03	0.000000000000000000e+00	1.757070271092087133e+00	0.000000000000000000e+00
1.426599999999999909e+03	0.000000000000000000e+00	1.756951346600537089e+00	0.000000000000000000e+00
1.431599999999999909e+03	0.000000000000000000e+00	1.756834185057718489e+00	0.000000000000000000e+00
1.436599999999999909e+03	0.000000000000000000e+00	1.756718760329500251e+00	0.000000000000000000e+00
1.441599999999999909e+03	0.000000000000000000e+00	1.756605046669166725e+00	0.000000000000000000e+00
1.446599999999999909e+03	0.000000000000000000e+00	1.756493018711673626e+00	0.000000000000000000e+00
1.451599999999999909e+03	0.000000000000000000e+00	1.756382651467991218e+00	0.000000000000000000e+00
1.456599999999999909e+03	0.000000000000000000e+00	1.756273920319529225e+00	0.000000000000000000e+00
1.461599999999999909e+03	0.000000000000000000e+00	1.756166801012646328e+00	0.000000000000000000e+00
1.466599999999999909e+03	0.000000000000000000e+00	1.756061269653239387e+00	0.000000000000000000e+00
1.471599999999999909e+03	0.000000000000000000e+00	1.755957302701413703e+00	0.000000000000000000e+00
1.476599999999999909e+03	0.000000000000000000e+00	1.755854876966232547e+00	0.000000000000000000e+00
1.481599999999999909e+03	0.000000000000000000e+00	1.755753969600543973e+00	0.000000000000000000e+00
1.486599999999999909e+03	0.000000000000000000e+00	1.755654558095884665e+00	0.000000000000000000e+00
1.491599999999999909e+03	0.000000000000000000e+00	1.755556620277458846e+00	0.000000000000000000e+00
1.496599999999999909e+03	0.000000000000000000e+00	1.755460134299192232e+00	0.000000000000000000e+00
1.501599999999999909e+03	0.000000000000000000e+00	1.755365078638858822e+00	0.000000000000000000e+00
1.506599999999999909e+03	0.000000000000000000e+00	1.755271432093280737e+00	0.000000000000000000e+00
1.511599999999999909e+03	0.000000000000000000e+00	1.755179173773597556e+00	0.000000000000000000e+00
1.516599999999999909e+03	0.000000000000000000e+00	1.755088283100608049e+00	0.000000000000000000e+00
1.521599999999999909e+03	0.000000000000000000e+00	1.754998739800178509e+00	0.000000000000000000e+00
1.526599999999999909e+03	0.000000000000000000e+00	1.754910523898721486e+00	0.000000000000000000e+00
1.531599999999999909e+03	0.000000000000000000e+00	1.754823615718740015e+00	0.000000000000000000e+00
1.536599999999999909e+03	0.000000000000000000e+00	1.754737995874438239e+00	0.000000000000000000e+00
1.541599999999999909e+03	0.000000000000000000e+00	1.754653645267397089e+00	0.000000000000000000e+00
1.546599999999999909e+03	0.000000000000000000e+00	1.754570545082314581e+00	0.000000000000000000e+00
1.551599999999999909e+03	0.000000000000000000e+00	1.754488676782808954e+00	0.000000000000000000e+00
1.556599999999999909e+03	0.000000000000000000e+00	1.754408022107283527e+00	0.000000000000000000e+00
1.561599999999999909e+03	0.000000000000000000e+00	1.754328563064852853e+00	0.000000000000000000e+00
1.566599999999999909e+03	0.000000000000000000e+00	1.754250281931330813e+00	0.000000000000000000e+00
1.571599999999999909e+03	0.000000000000000000e+00	1.754173161245276003e+00	0.000000000000000000e+00
1.576599999999999909e+03	0.000000000000000000e+00	1.754097183804097737e+00	0.000000000000000000e+00
1.581599999999999909e+03	0.000000000000000000e+00	1.754022332660217787e+00	0.000000000000000000e+00
1.586599999999999909e+03	0.000000000000000000e+00	1.753948591117290734e+00	0.000000000000000000e+00
1.591599999999999909e+03	0.000000000000000000e+00	1.753875942726479398e+00	0.000000000000000000e+00
1.596599999999999909e+03	0.000000000000000000e+00	1.753804371282785990e+00	0.000000000000000000e+00
1.601599999999999909e+03	0.000000000000000000e+00	1.753733860821437007e+00	0.000000000000000000e+00
1.606599999999999909e+03	0.000000000000000000e+00	1.753664395614322524e+00	0.000000000000000000e+00
1.611599999999999909e+03	0.000000000000000000e+00	1.753595960166487666e+00	0.000000000000000000e+00
1.616599999999999909e+03	0.000000000000000000e+00	1.753528539212676485e+00	0.000000000000000000e+00
1.621599999999999909e+03	0.000000000000000000e+00	1.753462117713926682e+00	0.000000000000000000e+00
1.626599999999999909e+03	0.000000000000000000e+00	1.753396680854214740e+00	0.000000000000000000e+00
1.631599999999999909e+03	0.000000000000000000e+00	1.753332214037151893e+00	0.000000000000000000e+00
1.636599999999999909e+03	0.000000000000000000e+00	1.753268702882727181e+00	0.000000000000000000e+00
1.641599999999999909e+03	0.000000000000000000e+00	1.753206133224101126e+00	0.000000000000000000e+00
1.646599999999999909e+03	0.000000000000000000e+00	1.753144491104444036e+00	0.000000000000000000e+00
1.651599999999999909e+03	0.000000000000000000e+00	1.753083762773824272e+00	0.000000000000000000e+00
1.656599999999999909e+03	0.000000000000000000e+00	1.753023934686140484e+00	0.000000000000000000e+00
1.661599999999999909e+03	0.000000000000000000e+00	1.752964993496099799e+00	0.000000000000000000e+00
1.666599999999999909e+03	0.000000000000000000e+00	1.752906926056241987e+00	0.000000000000000000e+00
1.671599999999999909e+03	0.000000000000000000e+00	1.752849719414005136e+00	0.000000000000000000e+00
1.676599999999999909e+03	0.000000000000000000e+00	1.752793360808838186e+00	0.000000000000000000e+00
1.681599999999999909e+03	0.000000000000000000e+00	1.752737837669353871e+00	0.000000000000000000e+00
1.686599999999999909e+03	0.000000000000000000e+00	1.752683137610523634e+00	0.000000000000000000e+00
1.691599999999999909e+03	0.000000000000000000e+00	1.752629248430916498e+00	0.000000000000000000e+00
1.696599999999999909e+03	0.000000000000000000e+00	1.752576158109976578e+00	0.000000000000000000e+00
1.701599999999999909e+03	0.000000000000000000e+00	1.752523854805342118e+00	0.000000000000000000e+00
1.706599999999999909e+03	0.000000000000000000e+00	1.752472326850203155e+00	0.000000000000000000e+00
1.711599999999999909e+03	0.000000000000000000e+00	1.752421562750700490e+00	0.000000000000000000e+00
1.716599999999999909e+03	0.000000000000000000e+00	1.752371551183360410e+00	0.000000000000000000e+00
1.721599999999999909e+03	0.000000000000000000e+00	1.752322280992569814e+00	0.000000000000000000e+00
1.726599999999999909e+03	0.000000000000000000e+00	1.752273741188087541e+00	0.000000000000000000e+00
1.731599999999999909e+03	0.000000000000000000e+00	1.752225920942592774e+00	0.000000000000000000e+00
1.736599999999999909e+03	0.000000000000000000e+00	1.752178809589270081e+00	0.000000000000000000e+00
1.741599999999999909e+03	0.000000000000000000e+00	1.752132396619429988e+00	0.000000000000000000e+00
1.746599999999999909e+03	0.000000000000000000e+00	1.752086671680164631e+00	0.000000000000000000e+00
1.751599999999999909e+03	0.000000000000000000e+00	1.752041624572039380e+00	0.000000000000000000e+00
1.756599999999999909e+03	0.000000000000000000e+00	1.751997245246816437e+00	0.000000000000000000e+00
1.761599999999999909e+03	0.000000000000000000e+00	1.751953523805214186e+00	0.000000000000000000e+00
1.766599999999999909e+03	0.000000000000000000e+00	1.751910450494699178e+00	0.000000000000000000e+00
1.771599999999999909e+03	0.000000000000000000e+00	1.751868015707310544e+00	0.000000000000000000e+00
1.776599999999999909e+03	0.000000000000000000e+00	1.751826209977516369e+00	0.000000000000000000e+00
1.781599999999999909e+03	0.000000000000000000e+00	1.751785023980103162e+00	0.000000000000000000e+00
1.786599999999999909e+03	0.000000000000000000e+00	1.751744448528095077e+00	0.000000000000000000e+00
1.791599999999999909e+03	0.000000000000000000e+00	1.751704474570705550e+00	0.000000000000000000e+00
1.796599999999999909e+03	0.000000000000000000e+00	1.751665093191316691e+00	0.000000000000000000e+00
1.801599999999999909e+03	0.000000000000000000e+00	1.751626295605492434e+00	0.000000000000000000e+00
1.806599999999999909e+03	0.000000000000000000e+00	1.751588073159017656e+00	0.000000000000000000e+00
1.811599999999999909e+03	0.000000000000000000e+00	1.751550417325968390e+00	0.000000000000000000e+00
1.816599999999999909e+03	0.000000000000000000e+00	1.751513319706809568e+00	0.000000000000000000e+00
1.821599999999999909e+03	0.000000000000000000e+00	1.751476772026521855e+00	0.000000000000000000e+00
1.826599999999999909e+03	0.000000000000000000e+00	1.751440766132755567e+00	0.000000000000000000e+00
1.831599999999999909e+03	0.000000000000000000e+00	1.751405293994012569e+00	0.000000000000000000e+00
1.836599999999999909e+03	0.000000000000000000e+00	1.751370347697853935e+00	0.000000000000000000e+00
1.841599999999999909e+03	0.000000000000000000e+00	1.751335919449135803e+00	0.000000000000000000e+00
1.846599999999999909e+03	0.000000000000000000e+00	1.751302001568270761e+00	0.000000000000000000e+00
1.851599999999999909e+03	0.000000000000000000e+00	1.751268586489513668e+00	0.000000000000000000e+00
1.856599999999999909e+03	0.000000000000000000e+00	1.751235666759275000e+00	0.000000000000000000e+00
1.861599999999999909e+03	0.000000000000000000e+00	1.751203235034457961e+00	0.000000000000000000e+00
1.866599999999999909e+03	0.000000000000000000e+00	1.751171284080821122e+00	0.000000000000000000e+00
1.871599999999999909e+03	0.000000000000000000e+00	1.751139806771363272e+00	0.000000000000000000e+00
1.876599999999999909e+03	0.000000000000000000e+00	1.751108796084735131e+00	0.000000000000000000e+00
1.881599999999999909e+03	0.000000000000000000e+00	1.751078245103672604e+00	0.000000000000000000e+00
1.886599999999999909e+03	0.000000000000000000e+00	1.751048147013453793e+00	0.000000000000000000e+00
1.891599999999999909e+03	0.000000000000000000e+00	1.751018495100378658e+00	0.000000000000000000e+00
1.896599999999999909e+03	0.000000000000000000e+00	1.750989282750272213e+00	0.000000000000000000e+00
1.901599999999999909e+03	0.000000000000000000e+00	1.750960503447008154e+00	0.000000000000000000e+00
1.906599999999999909e+03	0.000000000000000000e+00	1.750932150771056239e+00	0.000000000000000000e+00
1.911599999999999909e+03	0.000000000000000000e+00	1.750904218398050105e+00	0.000000000000000000e+00
1.916599999999999909e+03	0.000000000000000000e+00	1.750876700097375727e+00	0.000000000000000000e+00
1.921599999999999909e+03	0.000000000000000000e+00	1.750849589730783418e+00	0.000000000000000000e+00
1.926599999999999909e+03	0.000000000000000000e+00	1.750822881251016483e+00	0.000000000000000000e+00
1.931599999999999909e+03	0.000000000000000000e+00	1.750796568700464073e+00	0.000000000000000000e+00
1.936599999999999909e+03	0.000000000000000000e+00	1.750770646209831138e+00	0.000000000000000000e+00
1.941599999999999909e+03	0.000000000000000000e+00	1.750745107996830141e+00	0.000000000000000000e+00
1.946599999999999909e+03	0.000000000000000000e+00	1.750719948364890310e+00	0.000000000000000000e+00
1.951599999999999909e+03	0.000000000000000000e+00	1.750695161701887770e+00	0.000000000000000000e+00
1.956599999999999909e+03	0.000000000000000000e+00	1.750670742478892761e+00	0.000000000000000000e+00
1.961599999999999909e+03	0.000000000000000000e+00	1.750646685248937517e+00	0.000000000000000000e+00
1.966599999999999909e+03	0.000000000000000000e+00	1.750622984645800573e+00	0.000000000000000000e+00
1.971599999999999909e+03	0.000000000000000000e+00	1.750599635382809716e+00	0.000000000000000000e+00
1.976599999999999909e+03	0.000000000000000000e+00	1.750576632251662712e+00	0.000000000000000000e+00
1.981599999999999909e+03	0.000000000000000000e+00	1.750553970121266456e+00	0.000000000000000000e+00
1.986599999999999909e+03	0.000000000000000000e+00	1.750531643936590998e+00	0.000000000000000000e+00
1.991599999999999909e+03	0.000000000000000000e+00	1.750509648717542666e+00	0.000000000000000000e+00
1.996599999999999909e+03	0.000000000000000000e+00	1.750487979557853846e+00	0.000000000000000000e+00
2.001599999999999909e+03	0.000000000000000000e+00	1.750466631623987190e+00	0.000000000000000000e+00
2.006599999999999909e+03	0.000000000000000000e+00	1.750445600154058479e+00	0.000000000000000000e+00
2.011599999999999909e+03	0.000000000000000000e+00	1.750424880456774357e+00	0.000000000000000000e+00
2.016599999999999909e+03	0.000000000000000000e+00	1.750404467910385398e+00	0.000000000000000000e+00
2.021599999999999909e+03	0.000000000000000000e+00	1.750384357961655590e+00	0.000000000000000000e+00
2.026599999999999909e+03	0.000000000000000000e+00	1.750364546124846710e+00	0.000000000000000000e+00
2.031599999999999909e+03	0.000000000000000000e+00	1.750345027980717116e+00	0.000000000000000000e+00
2.036599999999999909e+03	0.000000000000000000e+00	1.750325799175536767e+00	0.000000000000000000e+00
2.041599999999999909e+03	0.000000000000000000e+00	1.750306855420115770e+00	0.000000000000000000e+00
2.046599999999999909e+03	0.000000000000000000e+00	1.750288192488847816e+00	0.000000000000000000e+00
2.051599999999999909e+03	0.000000000000000000e+00	1.750269806218766711e+00	0.000000000000000000e+00
2.056599999999999909e+03	0.000000000000000000e+00	1.750251692508619117e+00	0.000000000000000000e+00
2.061599999999999909e+03	0.000000000000000000e+00	1.750233847317949065e+00	0.000000000000000000e+00
2.066599999999999909e+03	0.000000000000000000e+00	1.750216266666196230e+00	0.000000000000000000e+00
2.071599999999999909e+03	0.000000000000000000e+00	1.750198946631809305e+00	0.000000000000000000e+00
2.076599999999999909e+03	0.000000000000000000e+00	1.750181883351369816e+00	0.000000000000000000e+00
2.081599999999999909e+03	0.000000000000000000e+00	1.750165073018731032e+00	0.000000000000000000e+00
2.086599999999999909e+03	0.000000000000000000e+00	1.750148511884169311e+00	0.000000000000000000e+00
2.091599999999999909e+03	0.000000000000000000e+00	1.750132196253546990e+00	0.000000000000000000e+00
2.096599999999999909e+03	0.000000000000000000e+00	1.750116122487488601e+00	0.000000000000000000e+00
2.101599999999999909e+03	0.000000000000000000e+00	1.750100287000569743e+00	0.000000000000000000e+00
2.106599999999999909e+03	0.000000000000000000e+00	1.750084686260515721e+00	0.000000000000000000e+00
2.111599999999999909e+03	0.000000000000000000e+00	1.750069316787415508e+00	0.000000000000000000e+00
2.116599999999999909e+03	0.000000000000000000e+00	1.750054175152944147e+00	0.000000000000000000e+00
2.121599999999999909e+03	0.000000000000000000e+00	1.750039257979598917e+00	0.000000000000000000e+00
2.126599999999999909e+03	0.000000000000000000e+00	1.750024561939945267e+00	0.000000000000000000e+00
2.131599999999999909e+03	0.000000000000000000e+00	1.750010083755874746e+00	0.000000000000000000e+00
2.136599999999999909e+03	0.000000000000000000e+00	1.749995820197874030e+00	0.000000000000000000e+00
2.141599999999999909e+03	0.000000000000000000e+00	1.749981768084304612e+00	0.000000000000000000e+00
2.146599999999999909e+03	0.000000000000000000e+00	1.749967924280692921e+00	0.000000000000000000e+00
2.151599999999999909e+03	0.000000000000000000e+00	1.749954285699030665e+00	0.000000000000000000e+00
2.156599999999999909e+03	0.000000000000000000e+00	1.749940849297087153e+00	0.000000000000000000e+00
2.161599999999999909e+03	0.000000000000000000e+00	1.749927612077729622e+00	0.000000000000000000e+00
2.166599999999999909e+03	0.000000000000000000e+00	1.749914571088255100e+00	0.000000000000000000e+00
2.171599999999999909e+03	0.000000000000000000e+00	1.749901723419732047e+00	0.000000000000000000e+00
2.176599999999999909e+03	0.000000000000000000e+00	1.749889066206350874e+00	0.000000000000000000e+00
2.181599999999999909e+03	0.000000000000000000e+00	1.749876596624785563e+00	0.000000000000000000e+00
2.186599999999999909e+03	0.000000000000000000e+00	1.749864311893562618e+00	0.000000000000000000e+00
2.191599999999999909e+03	0.000000000000000000e+00	1.749852209272442005e+00	0.000000000000000000e+00
2.196599999999999909e+03	0.000000000000000000e+00	1.749840286061804973e+00	0.000000000000000000e+00
2.201599999999999909e+03	0.000000000000000000e+00	1.749828539602052535e+00	0.000000000000000000e+00
2.206599999999999909e+03	0.000000000000000000e+00	1.749816967273011503e+00	0.000000000000000000e+00
2.211599999999999909e+03	0.000000000000000000e+00	1.749805566493350506e+00	0.000000000000000000e+00
2.216599999999999909e+03	0.000000000000000000e+00	1.749794334720004230e+00	0.000000000000000000e+00
2.221599999999999909e+03	0.000000000000000000e+00	1.749783269447605871e+00	0.000000000000000000e+00
2.226599999999999909e+03	0.000000000000000000e+00	1.749772368207928475e+00	0.000000000000000000e+00
2.231599999999999909e+03	0.000000000000000000e+00	1.749761628569334260e+00	0.000000000000000000e+00
2.236599999999999909e+03	0.000000000000000000e+00	1.749751048136232390e+00	0.000000000000000000e+00
2.241599999999999909e+03	0.000000000000000000e+00	1.749740624548544732e+00	0.000000000000000000e+00
2.246599999999999909e+03	0.000000000000000000e+00	1.749730355481178501e+00	0.000000000000000000e+00
2.251599999999999909e+03	0.000000000000000000e+00	1.749720238643509340e+00	0.000000000000000000e+00
2.256599999999999909e+03	0.000000000000000000e+00	1.749710271778868176e+00	0.000000000000000000e+00
2.261599999999999909e+03	0.000000000000000000e+00	1.749700452664040062e+00	0.000000000000000000e+00
2.266599999999999909e+03	0.000000000000000000e+00	1.749690779108766581e+00	0.000000000000000000e+00
2.271599999999999909e+03	0.000000000000000000e+00	1.749681248955258006e+00	0.000000000000000000e+00
2.276599999999999909e+03	0.000000000000000000e+00	1.749671860077712360e+00	0.000000000000000000e+00
2.281599999999999909e+03	0.000000000000000000e+00	1.749662610381840233e+00	0.000000000000000000e+00
2.286599999999999909e+03	0.000000000000000000e+00	1.749653497804398272e+00	0.000000000000000000e+00
2.291599999999999909e+03	0.000000000000000000e+00	1.749644520312729101e+00	0.000000000000000000e+00
2.296599999999999909e+03	0.000000000000000000e+00	1.749635675904307686e+00	0.000000000000000000e+00
2.301599999999999909e+03	0.000000000000000000e+00	1.749626962606293912e+00	0.000000000000000000e+00
2.306599999999999909e+03	0.000000000000000000e+00	1.749618378475094493e+00	0.000000000000000000e+00
2.311599999999999909e+03	0.000000000000000000e+00	1.749609921595926876e+00	0.000000000000000000e+00
2.316599999999999909e+03	0.000000000000000000e+00	1.749601590082394242e+00	0.000000000000000000e+00
2.321599999999999909e+03	0.000000000000000000e+00	1.749593382076063852e+00	0.000000000000000000e+00
2.326599999999999909e+03	0.000000000000000000e+00	1.749585295746052038e+00	0.000000000000000000e+00
2.331599999999999909e+03	0.000000000000000000e+00	1.749577329288617200e+00	0.000000000000000000e+00
2.336599999999999909e+03	0.000000000000000000e+00	1.749569480926755682e+00	0.000000000000000000e+00
2.341599999999999909e+03	0.000000000000000000e+00	1.749561748909806758e+00	0.000000000000000000e+00
2.346599999999999909e+03	0.000000000000000000e+00	1.749554131513061828e+00	0.000000000000000000e+00
2.351599999999999909e+03	0.000000000000000000e+00	1.749546627037379398e+00	0.000000000000000000e+00
2.356599999999999909e+03	0.000000000000000000e+00	1.749539233808805827e+00	0.000000000000000000e+00
2.361599999999999909e+03	0.000000000000000000e+00	1.749531950178203177e+00	0.000000000000000000e+00
2.366599999999999909e+03	0.000000000000000000e+00	1.749524774520879511e+00	0.000000000000000000e+00
2.371599999999999909e+03	0.000000000000000000e+00	1.749517705236228293e+00	0.000000000000000000e+00
2.376599999999999909e+03	0.000000000000000000e+00	1.749510740747370230e+00	0.000000000000000000e+00
2.381599999999999909e+03	0.000000000000000000e+00	1.749503879500801551e+00	0.000000000000000000e+00
2.386599999999999909e+03	0.000000000000000000e+00	1.749497119966048508e+00	0.000000000000000000e+00
2.391599999999999909e+03	0.000000000000000000e+00	1.749490460635324318e+00	0.000000000000000000e+00
2.396599999999999909e+03	0.000000000000000000e+00	1.749483900023194982e+00	0.000000000000000000e+00
2.401599999999999909e+03	0.000000000000000000e+00	1.749477436666245334e+00	0.000000000000000000e+00
2.406599999999999909e+03	0.000000000000000000e+00	1.749471069122755074e+00	0.000000000000000000e+00
2.411599999999999909e+03	0.000000000000000000e+00	1.749464795972375697e+00	0.000000000000000000e+00
2.416599999999999909e+03	0.000000000000000000e+00	1.749458615815814300e+00	0.000000000000000000e+00
2.421599999999999909e+03	0.000000000000000000e+00	1.749452527274520719e+00	0.000000000000000000e+00
2.426599999999999909e+03	0.000000000000000000e+00	1.749446528990381333e+00	0.000000000000000000e+00
2.431599999999999909e+03	0.000000000000000000e+00	1.749440619625414639e+00	0.000000000000000000e+00
2.436599999999999909e+03	0.000000000000000000e+00	1.749434797861473934e+00	0.000000000000000000e+00
2.441599999999999909e+03	0.000000000000000000e+00	1.749429062399952661e+00	0.000000000000000000e+00
2.446599999999999909e+03	0.000000000000000000e+00	1.749423411961495090e+00	0.000000000000000000e+00
2.451599999999999909e+03	0.000000000000000000e+00	1.749417845285710538e+00	0.000000000000000000e+00
2.456599999999999909e+03	0.000000000000000000e+00	1.749412361130892712e+00	0.000000000000000000e+00
2.461599999999999909e+03	0.000000000000000000e+00	1.749406958273742596e+00	0.000000000000000000e+00
2.466599999999999909e+03	0.000000000000000000e+00	1.749401635509095110e+00	0.000000000000000000e+00
2.471599999999999909e+03	0.000000000000000000e+00	1.749396391649650884e+00	0.000000000000000000e+00
2.476599999999999909e+03	0.000000000000000000e+00	1.749391225525711135e+00	0.000000000000000000e+00
2.481599999999999909e+03	0.000000000000000000e+00	1.749386135984916990e+00	0.000000000000000000e+00
2.486599999999999909e+03	0.000000000000000000e+00	1.749381121891992130e+00	0.000000000000000000e+00
2.491599999999999909e+03	0.000000000000000000e+00	1.749376182128489665e+00	0.000000000000000000e+00
2.496599999999999909e+03	0.000000000000000000e+00	1.749371315592542553e+00	0.000000000000000000e+00
2.501599999999999909e+03	0.000000000000000000e+00	1.749366521198618019e+00	0.000000000000000000e+00
2.506599999999999909e+03	0.000000000000000000e+00	1.749361797877275748e+00	0.000000000000000000e+00
2.511599999999999909e+03	0.000000000000000000e+00	1.749357144574928524e+00	0.000000000000000000e+00
2.516599999999999909e+03	0.000000000000000000e+00	1.749352560253607303e+00	0.000000000000000000e+00
2.521599999999999909e+03	0.000000000000000000e+00	1.749348043890730731e+00	0.000000000000000000e+00
2.526599999999999909e+03	0.000000000000000000e+00	1.749343594478875552e+00	0.000000000000000000e+00
2.531599999999999909e+03	0.000000000000000000e+00	1.749339211025553453e+00	0.000000000000000000e+00
2.536599999999999909e+03	0.000000000000000000e+00	1.749334892552988130e+00	0.000000000000000000e+00
2.541599999999999909e+03	0.000000000000000000e+00	1.749330638097898349e+00	0.000000000000000000e+00
2.546599999999999909e+03	0.000000000000000000e+00	1.749326446711282790e+00	0.000000000000000000e+00
2.551599999999999909e+03	0.000000000000000000e+00	1.749322317458207543e+00	0.000000000000000000e+00
2.556599999999999909e+03	0.000000000000000000e+00	1.749318249417598947e+00	0.000000000000000000e+00
2.561599999999999909e+03	0.000000000000000000e+00	1.749314241682037085e+00	0.000000000000000000e+00
2.566599999999999909e+03	0.000000000000000000e+00	1.749310293357554169e+00	0.000000000000000000e+00
2.571599999999999909e+03	0.000000000000000000e+00	1.749306403563433809e+00	0.000000000000000000e+00
2.576599999999999909e+03	0.000000000000000000e+00	1.749302571432016284e+00	0.000000000000000000e+00
2.581599999999999909e+03	0.000000000000000000e+00	1.749298796108504028e+00	0.000000000000000000e+00
2.586599999999999909e+03	0.000000000000000000e+00	1.749295076750770228e+00	0.000000000000000000e+00
2.591599999999999909e+03	0.000000000000000000e+00	1.749291412529173195e+00	0.000000000000000000e+00
2.596599999999999909e+03	0.000000000000000000e+00	1.749287802626368959e+00	0.000000000000000000e+00
