3.008999999999999773e+02	0.000000000000000000e+00	1.927999999999999936e+00	-2.503000000000000225e-01
3.016999999999999886e+02	0.000000000000000000e+00	1.927999999999999936e+00	-2.497000000000000053e-01
3.023999999999999773e+02	0.000000000000000000e+00	1.929000000000000048e+00	-2.492000000000000048e-01
3.031000000000000227e+02	0.000000000000000000e+00	1.929999999999999938e+00	-2.487000000000000044e-01
3.038999999999999773e+02	0.000000000000000000e+00	1.931000000000000050e+00	-2.482000000000000040e-01
3.046000000000000227e+02	0.000000000000000000e+00	1.931999999999999940e+00	-2.477000000000000035e-01
3.053999999999999773e+02	0.000000000000000000e+00	1.931999999999999940e+00	-2.470999999999999863e-01
3.061000000000000227e+02	0.000000000000000000e+00	1.933000000000000052e+00	-2.466000000000000136e-01
3.068999999999999773e+02	0.000000000000000000e+00	1.933999999999999941e+00	-2.459999999999999964e-01
3.076999999999999886e+02	0.000000000000000000e+00	1.935000000000000053e+00	-2.454000000000000070e-01
3.083999999999999773e+02	0.000000000000000000e+00	1.935999999999999943e+00	-2.449000000000000066e-01
3.091999999999999886e+02	0.000000000000000000e+00	1.935999999999999943e+00	-2.442999999999999894e-01
3.100000000000000000e+02	0.000000000000000000e+00	1.937000000000000055e+00	-2.437000000000000000e-01
3.106999999999999886e+02	0.000000000000000000e+00	1.937999999999999945e+00	-2.431000000000000105e-01
3.115000000000000000e+02	0.000000000000000000e+00	1.939000000000000057e+00	-2.424999999999999933e-01
3.123000000000000114e+02	0.000000000000000000e+00	1.939999999999999947e+00	-2.419000000000000039e-01
3.131000000000000227e+02	0.000000000000000000e+00	1.939999999999999947e+00	-2.411999999999999977e-01
3.138999999999999773e+02	0.000000000000000000e+00	1.941000000000000059e+00	-2.406000000000000083e-01
3.146999999999999886e+02	0.000000000000000000e+00	1.941999999999999948e+00	-2.399000000000000021e-01
3.155000000000000000e+02	0.000000000000000000e+00	1.943000000000000060e+00	-2.393000000000000127e-01
3.163000000000000114e+02	0.000000000000000000e+00	1.943999999999999950e+00	-2.386000000000000065e-01
3.171000000000000227e+02	0.000000000000000000e+00	1.943999999999999950e+00	-2.379999999999999893e-01
3.178999999999999773e+02	0.000000000000000000e+00	1.945000000000000062e+00	-2.373000000000000109e-01
3.186999999999999886e+02	0.000000000000000000e+00	1.945999999999999952e+00	-2.366000000000000048e-01
3.195000000000000000e+02	0.000000000000000000e+00	1.947000000000000064e+00	-2.358999999999999986e-01
3.203999999999999773e+02	0.000000000000000000e+00	1.947999999999999954e+00	-2.351999999999999924e-01
3.211999999999999886e+02	0.000000000000000000e+00	1.947999999999999954e+00	-2.344999999999999862e-01
3.220000000000000000e+02	0.000000000000000000e+00	1.949000000000000066e+00	-2.338000000000000078e-01
3.228999999999999773e+02	0.000000000000000000e+00	1.949999999999999956e+00	-2.331000000000000016e-01
3.236999999999999886e+02	0.000000000000000000e+00	1.951000000000000068e+00	-2.323000000000000065e-01
3.246000000000000227e+02	0.000000000000000000e+00	1.951000000000000068e+00	-2.316000000000000003e-01
3.253999999999999773e+02	0.000000000000000000e+00	1.951999999999999957e+00	-2.308000000000000052e-01
3.263000000000000114e+02	0.000000000000000000e+00	1.953000000000000069e+00	-2.300000000000000100e-01
3.271000000000000227e+02	0.000000000000000000e+00	1.953999999999999959e+00	-2.293000000000000038e-01
3.280000000000000000e+02	0.000000000000000000e+00	1.953999999999999959e+00	-2.285000000000000087e-01
3.288999999999999773e+02	0.000000000000000000e+00	1.955000000000000071e+00	-2.277000000000000135e-01
3.296999999999999886e+02	0.000000000000000000e+00	1.955999999999999961e+00	-2.268999999999999906e-01
3.306000000000000227e+02	0.000000000000000000e+00	1.957000000000000073e+00	-2.260999999999999954e-01
3.315000000000000000e+02	0.000000000000000000e+00	1.957000000000000073e+00	-2.253000000000000003e-01
3.323999999999999773e+02	0.000000000000000000e+00	1.957999999999999963e+00	-2.245000000000000051e-01
3.333000000000000114e+02	0.000000000000000000e+00	1.959000000000000075e+00	-2.235999999999999932e-01
3.341999999999999886e+02	0.000000000000000000e+00	1.959999999999999964e+00	-2.227999999999999980e-01
3.351000000000000227e+02	0.000000000000000000e+00	1.959999999999999964e+00	-2.218999999999999861e-01
3.360000000000000000e+02	0.000000000000000000e+00	1.961000000000000076e+00	-2.210999999999999910e-01
3.368999999999999773e+02	0.000000000000000000e+00	1.961999999999999966e+00	-2.202000000000000068e-01
3.378000000000000114e+02	0.000000000000000000e+00	1.961999999999999966e+00	-2.192999999999999949e-01
3.388000000000000114e+02	0.000000000000000000e+00	1.963000000000000078e+00	-2.184000000000000108e-01
3.396999999999999886e+02	0.000000000000000000e+00	1.963999999999999968e+00	-2.174999999999999989e-01
3.406000000000000227e+02	0.000000000000000000e+00	1.963999999999999968e+00	-2.165999999999999870e-01
3.416000000000000227e+02	0.000000000000000000e+00	1.965000000000000080e+00	-2.157000000000000028e-01
3.425000000000000000e+02	0.000000000000000000e+00	1.965999999999999970e+00	-2.147999999999999909e-01
3.433999999999999773e+02	0.000000000000000000e+00	1.967000000000000082e+00	-2.139000000000000068e-01
3.443999999999999773e+02	0.000000000000000000e+00	1.967000000000000082e+00	-2.129000000000000059e-01
3.453999999999999773e+02	0.000000000000000000e+00	1.967999999999999972e+00	-2.119999999999999940e-01
3.463000000000000114e+02	0.000000000000000000e+00	1.967999999999999972e+00	-2.109999999999999931e-01
3.473000000000000114e+02	0.000000000000000000e+00	1.969000000000000083e+00	-2.101000000000000090e-01
3.483000000000000114e+02	0.000000000000000000e+00	1.969999999999999973e+00	-2.091000000000000081e-01
3.493000000000000114e+02	0.000000000000000000e+00	1.969999999999999973e+00	-2.081000000000000072e-01
3.501999999999999886e+02	0.000000000000000000e+00	1.971000000000000085e+00	-2.071000000000000063e-01
3.511999999999999886e+02	0.000000000000000000e+00	1.971999999999999975e+00	-2.061999999999999944e-01
3.521999999999999886e+02	0.000000000000000000e+00	1.971999999999999975e+00	-2.051000000000000045e-01
3.531999999999999886e+02	0.000000000000000000e+00	1.973000000000000087e+00	-2.041000000000000036e-01
3.541999999999999886e+02	0.000000000000000000e+00	1.973000000000000087e+00	-2.031000000000000028e-01
3.553000000000000114e+02	0.000000000000000000e+00	1.973999999999999977e+00	-2.021000000000000019e-01
3.563000000000000114e+02	0.000000000000000000e+00	1.975000000000000089e+00	-2.011000000000000010e-01
3.573000000000000114e+02	0.000000000000000000e+00	1.975000000000000089e+00	-2.000000000000000111e-01
3.583000000000000114e+02	0.000000000000000000e+00	1.975999999999999979e+00	-1.990000000000000102e-01
3.593999999999999773e+02	0.000000000000000000e+00	1.975999999999999979e+00	-1.978999999999999926e-01
3.603999999999999773e+02	0.000000000000000000e+00	1.977000000000000091e+00	-1.968000000000000027e-01
3.615000000000000000e+02	0.000000000000000000e+00	1.977000000000000091e+00	-1.958000000000000018e-01
3.625000000000000000e+02	0.000000000000000000e+00	1.977999999999999980e+00	-1.947000000000000119e-01
3.636000000000000227e+02	0.000000000000000000e+00	1.977999999999999980e+00	-1.935999999999999943e-01
3.646999999999999886e+02	0.000000000000000000e+00	1.979000000000000092e+00	-1.925000000000000044e-01
3.656999999999999886e+02	0.000000000000000000e+00	1.979999999999999982e+00	-1.913999999999999868e-01
3.668000000000000114e+02	0.000000000000000000e+00	1.979999999999999982e+00	-1.902999999999999969e-01
3.678999999999999773e+02	0.000000000000000000e+00	1.979999999999999982e+00	-1.892000000000000071e-01
3.690000000000000000e+02	0.000000000000000000e+00	1.981000000000000094e+00	-1.880999999999999894e-01
3.701000000000000227e+02	0.000000000000000000e+00	1.981000000000000094e+00	-1.869000000000000106e-01
3.711999999999999886e+02	0.000000000000000000e+00	1.981999999999999984e+00	-1.857999999999999929e-01
3.723000000000000114e+02	0.000000000000000000e+00	1.981999999999999984e+00	-1.845999999999999863e-01
3.733999999999999773e+02	0.000000000000000000e+00	1.983000000000000096e+00	-1.834999999999999964e-01
3.746000000000000227e+02	0.000000000000000000e+00	1.983000000000000096e+00	-1.822999999999999898e-01
3.756999999999999886e+02	0.000000000000000000e+00	1.983999999999999986e+00	-1.812000000000000000e-01
3.768999999999999773e+02	0.000000000000000000e+00	1.983999999999999986e+00	-1.799999999999999933e-01
3.780000000000000000e+02	0.000000000000000000e+00	1.985000000000000098e+00	-1.787999999999999867e-01
3.791999999999999886e+02	0.000000000000000000e+00	1.985000000000000098e+00	-1.776999999999999968e-01
3.803000000000000114e+02	0.000000000000000000e+00	1.985000000000000098e+00	-1.764999999999999902e-01
3.815000000000000000e+02	0.000000000000000000e+00	1.985999999999999988e+00	-1.753000000000000114e-01
3.826999999999999886e+02	0.000000000000000000e+00	1.985999999999999988e+00	-1.741000000000000048e-01
3.838999999999999773e+02	0.000000000000000000e+00	1.985999999999999988e+00	-1.728999999999999981e-01
3.850000000000000000e+02	0.000000000000000000e+00	1.987000000000000099e+00	-1.716999999999999915e-01
3.861999999999999886e+02	0.000000000000000000e+00	1.987000000000000099e+00	-1.705000000000000127e-01
3.875000000000000000e+02	0.000000000000000000e+00	1.987000000000000099e+00	-1.691999999999999893e-01
3.886999999999999886e+02	0.000000000000000000e+00	1.987999999999999989e+00	-1.680000000000000104e-01
3.898999999999999773e+02	0.000000000000000000e+00	1.987999999999999989e+00	-1.668000000000000038e-01
3.911000000000000227e+02	0.000000000000000000e+00	1.987999999999999989e+00	-1.655999999999999972e-01
3.923999999999999773e+02	0.000000000000000000e+00	1.989000000000000101e+00	-1.643000000000000016e-01
3.936000000000000227e+02	0.000000000000000000e+00	1.989000000000000101e+00	-1.630999999999999950e-01
3.948999999999999773e+02	0.000000000000000000e+00	1.989000000000000101e+00	-1.617999999999999994e-01
3.961000000000000227e+02	0.000000000000000000e+00	1.989000000000000101e+00	-1.605999999999999928e-01
3.973999999999999773e+02	0.000000000000000000e+00	1.989999999999999991e+00	-1.592999999999999972e-01
3.986999999999999886e+02	0.000000000000000000e+00	1.989999999999999991e+00	-1.580999999999999905e-01
4.000000000000000000e+02	0.000000000000000000e+00	1.989999999999999991e+00	-1.567999999999999949e-01
4.011999999999999886e+02	0.000000000000000000e+00	1.989999999999999991e+00	-1.555999999999999883e-01
4.025000000000000000e+02	0.000000000000000000e+00	1.989999999999999991e+00	-1.542999999999999927e-01
4.038999999999999773e+02	0.000000000000000000e+00	1.991000000000000103e+00	-1.529999999999999971e-01
4.051999999999999886e+02	0.000000000000000000e+00	1.991000000000000103e+00	-1.517999999999999905e-01
4.065000000000000000e+02	0.000000000000000000e+00	1.991000000000000103e+00	-1.504999999999999949e-01
4.078000000000000114e+02	0.000000000000000000e+00	1.991000000000000103e+00	-1.491999999999999993e-01
4.091999999999999886e+02	0.000000000000000000e+00	1.991000000000000103e+00	-1.479000000000000037e-01
4.105000000000000000e+02	0.000000000000000000e+00	1.991000000000000103e+00	-1.466999999999999971e-01
4.118999999999999773e+02	0.000000000000000000e+00	1.991000000000000103e+00	-1.454000000000000015e-01
4.133000000000000114e+02	0.000000000000000000e+00	1.991000000000000103e+00	-1.441000000000000059e-01
4.146999999999999886e+02	0.000000000000000000e+00	1.991999999999999993e+00	-1.428000000000000103e-01
4.161000000000000227e+02	0.000000000000000000e+00	1.991999999999999993e+00	-1.414999999999999869e-01
4.175000000000000000e+02	0.000000000000000000e+00	1.991999999999999993e+00	-1.401999999999999913e-01
4.188999999999999773e+02	0.000000000000000000e+00	1.991999999999999993e+00	-1.388999999999999957e-01
4.203000000000000114e+02	0.000000000000000000e+00	1.991999999999999993e+00	-1.376999999999999891e-01
4.216999999999999886e+02	0.000000000000000000e+00	1.991999999999999993e+00	-1.363999999999999935e-01
4.231999999999999886e+02	0.000000000000000000e+00	1.991999999999999993e+00	-1.350999999999999979e-01
4.246000000000000227e+02	0.000000000000000000e+00	1.991999999999999993e+00	-1.338000000000000023e-01
4.261000000000000227e+02	0.000000000000000000e+00	1.991999999999999993e+00	-1.325000000000000067e-01
4.275000000000000000e+02	0.000000000000000000e+00	1.991999999999999993e+00	-1.312000000000000111e-01
4.290000000000000000e+02	0.000000000000000000e+00	1.991999999999999993e+00	-1.298999999999999877e-01
4.305000000000000000e+02	0.000000000000000000e+00	1.991999999999999993e+00	-1.285999999999999921e-01
4.320000000000000000e+02	0.000000000000000000e+00	1.991000000000000103e+00	-1.272999999999999965e-01
4.335000000000000000e+02	0.000000000000000000e+00	1.991000000000000103e+00	-1.260000000000000009e-01
4.350000000000000000e+02	0.000000000000000000e+00	1.991000000000000103e+00	-1.247000000000000053e-01
4.366000000000000227e+02	0.000000000000000000e+00	1.991000000000000103e+00	-1.234999999999999987e-01
4.381000000000000227e+02	0.000000000000000000e+00	1.991000000000000103e+00	-1.222000000000000031e-01
4.396999999999999886e+02	0.000000000000000000e+00	1.991000000000000103e+00	-1.208999999999999936e-01
4.411999999999999886e+02	0.000000000000000000e+00	1.991000000000000103e+00	-1.195999999999999980e-01
4.428000000000000114e+02	0.000000000000000000e+00	1.991000000000000103e+00	-1.183000000000000024e-01
4.443999999999999773e+02	0.000000000000000000e+00	1.989999999999999991e+00	-1.170000000000000068e-01
4.460000000000000000e+02	0.000000000000000000e+00	1.989999999999999991e+00	-1.158000000000000002e-01
4.476000000000000227e+02	0.000000000000000000e+00	1.989999999999999991e+00	-1.145000000000000046e-01
4.491999999999999886e+02	0.000000000000000000e+00	1.989999999999999991e+00	-1.131999999999999951e-01
4.508999999999999773e+02	0.000000000000000000e+00	1.989999999999999991e+00	-1.118999999999999995e-01
4.525000000000000000e+02	0.000000000000000000e+00	1.989000000000000101e+00	-1.107000000000000067e-01
4.541999999999999886e+02	0.000000000000000000e+00	1.989000000000000101e+00	-1.093999999999999972e-01
4.558000000000000114e+02	0.000000000000000000e+00	1.989000000000000101e+00	-1.081000000000000016e-01
4.575000000000000000e+02	0.000000000000000000e+00	1.989000000000000101e+00	-1.068999999999999950e-01
4.591999999999999886e+02	0.000000000000000000e+00	1.987999999999999989e+00	-1.055999999999999994e-01
4.608999999999999773e+02	0.000000000000000000e+00	1.987999999999999989e+00	-1.044000000000000067e-01
4.626000000000000227e+02	0.000000000000000000e+00	1.987999999999999989e+00	-1.030999999999999972e-01
4.643999999999999773e+02	0.000000000000000000e+00	1.987999999999999989e+00	-1.019000000000000045e-01
4.661000000000000227e+02	0.000000000000000000e+00	1.987000000000000099e+00	-1.006999999999999978e-01
4.678999999999999773e+02	0.000000000000000000e+00	1.987000000000000099e+00	-9.940000000000000224e-02
4.696000000000000227e+02	0.000000000000000000e+00	1.987000000000000099e+00	-9.819999999999999563e-02
4.713999999999999773e+02	0.000000000000000000e+00	1.985999999999999988e+00	-9.700000000000000289e-02
4.731999999999999886e+02	0.000000000000000000e+00	1.985999999999999988e+00	-9.569999999999999341e-02
4.750000000000000000e+02	0.000000000000000000e+00	1.985000000000000098e+00	-9.450000000000000067e-02
4.768999999999999773e+02	0.000000000000000000e+00	1.985000000000000098e+00	-9.329999999999999405e-02
4.786999999999999886e+02	0.000000000000000000e+00	1.985000000000000098e+00	-9.210000000000000131e-02
4.806000000000000227e+02	0.000000000000000000e+00	1.983999999999999986e+00	-9.089999999999999469e-02
4.823999999999999773e+02	0.000000000000000000e+00	1.983999999999999986e+00	-8.970000000000000195e-02
4.843000000000000114e+02	0.000000000000000000e+00	1.983000000000000096e+00	-8.849999999999999534e-02
4.861999999999999886e+02	0.000000000000000000e+00	1.983000000000000096e+00	-8.730000000000000260e-02
4.881000000000000227e+02	0.000000000000000000e+00	1.981999999999999984e+00	-8.609999999999999598e-02
4.901000000000000227e+02	0.000000000000000000e+00	1.981999999999999984e+00	-8.500000000000000611e-02
4.920000000000000000e+02	0.000000000000000000e+00	1.981999999999999984e+00	-8.379999999999999949e-02
4.940000000000000000e+02	0.000000000000000000e+00	1.981000000000000094e+00	-8.260000000000000675e-02
4.958999999999999773e+02	0.000000000000000000e+00	1.981000000000000094e+00	-8.150000000000000300e-02
4.978999999999999773e+02	0.000000000000000000e+00	1.979999999999999982e+00	-8.029999999999999638e-02
4.998999999999999773e+02	0.000000000000000000e+00	1.979999999999999982e+00	-7.920000000000000651e-02
5.020000000000000000e+02	0.000000000000000000e+00	1.979000000000000092e+00	-7.810000000000000275e-02
5.040000000000000000e+02	0.000000000000000000e+00	1.979000000000000092e+00	-7.689999999999999614e-02
5.061000000000000227e+02	0.000000000000000000e+00	1.977999999999999980e+00	-7.580000000000000626e-02
5.081000000000000227e+02	0.000000000000000000e+00	1.977000000000000091e+00	-7.470000000000000251e-02
5.101999999999999886e+02	0.000000000000000000e+00	1.977000000000000091e+00	-7.359999999999999876e-02
5.122999999999999545e+02	0.000000000000000000e+00	1.975999999999999979e+00	-7.249999999999999500e-02
5.145000000000000000e+02	0.000000000000000000e+00	1.975999999999999979e+00	-7.140000000000000513e-02
5.166000000000000227e+02	0.000000000000000000e+00	1.975000000000000089e+00	-7.030000000000000138e-02
5.187999999999999545e+02	0.000000000000000000e+00	1.975000000000000089e+00	-6.919999999999999762e-02
5.208999999999999773e+02	0.000000000000000000e+00	1.973999999999999977e+00	-6.819999999999999674e-02
5.231000000000000227e+02	0.000000000000000000e+00	1.973000000000000087e+00	-6.710000000000000686e-02
5.253999999999999773e+02	0.000000000000000000e+00	1.973000000000000087e+00	-6.610000000000000597e-02
5.276000000000000227e+02	0.000000000000000000e+00	1.971999999999999975e+00	-6.500000000000000222e-02
5.298999999999999773e+02	0.000000000000000000e+00	1.971000000000000085e+00	-6.400000000000000133e-02
5.321000000000000227e+02	0.000000000000000000e+00	1.971000000000000085e+00	-6.289999999999999758e-02
5.343999999999999773e+02	0.000000000000000000e+00	1.969999999999999973e+00	-6.189999999999999669e-02
5.367000000000000455e+02	0.000000000000000000e+00	1.969000000000000083e+00	-6.090000000000000274e-02
5.391000000000000227e+02	0.000000000000000000e+00	1.969000000000000083e+00	-5.990000000000000185e-02
5.413999999999999773e+02	0.000000000000000000e+00	1.967999999999999972e+00	-5.890000000000000097e-02
5.437999999999999545e+02	0.000000000000000000e+00	1.967000000000000082e+00	-5.790000000000000008e-02
5.462000000000000455e+02	0.000000000000000000e+00	1.967000000000000082e+00	-5.689999999999999919e-02
5.486000000000000227e+02	0.000000000000000000e+00	1.965999999999999970e+00	-5.600000000000000117e-02
5.510000000000000000e+02	0.000000000000000000e+00	1.965000000000000080e+00	-5.500000000000000028e-02
5.535000000000000000e+02	0.000000000000000000e+00	1.965000000000000080e+00	-5.410000000000000225e-02
5.560000000000000000e+02	0.000000000000000000e+00	1.963999999999999968e+00	-5.310000000000000137e-02
5.585000000000000000e+02	0.000000000000000000e+00	1.963000000000000078e+00	-5.220000000000000334e-02
5.610000000000000000e+02	0.000000000000000000e+00	1.961999999999999966e+00	-5.120000000000000245e-02
5.636000000000000227e+02	0.000000000000000000e+00	1.961999999999999966e+00	-5.029999999999999749e-02
5.661000000000000227e+02	0.000000000000000000e+00	1.961000000000000076e+00	-4.939999999999999947e-02
5.687000000000000455e+02	0.000000000000000000e+00	1.959999999999999964e+00	-4.850000000000000144e-02
5.713999999999999773e+02	0.000000000000000000e+00	1.959000000000000075e+00	-4.760000000000000342e-02
5.740000000000000000e+02	0.000000000000000000e+00	1.959000000000000075e+00	-4.669999999999999846e-02
5.767000000000000455e+02	0.000000000000000000e+00	1.957999999999999963e+00	-4.590000000000000330e-02
5.793999999999999773e+02	0.000000000000000000e+00	1.957000000000000073e+00	-4.499999999999999833e-02
5.821000000000000227e+02	0.000000000000000000e+00	1.955999999999999961e+00	-4.410000000000000031e-02
5.847999999999999545e+02	0.000000000000000000e+00	1.955999999999999961e+00	-4.329999999999999821e-02
5.876000000000000227e+02	0.000000000000000000e+00	1.955000000000000071e+00	-4.250000000000000305e-02
5.903999999999999773e+02	0.000000000000000000e+00	1.953999999999999959e+00	-4.159999999999999809e-02
5.932000000000000455e+02	0.000000000000000000e+00	1.953000000000000069e+00	-4.080000000000000293e-02
5.961000000000000227e+02	0.000000000000000000e+00	1.951999999999999957e+00	-4.000000000000000083e-02
5.990000000000000000e+02	0.000000000000000000e+00	1.951999999999999957e+00	-3.919999999999999873e-02
6.018999999999999773e+02	0.000000000000000000e+00	1.951000000000000068e+00	-3.839999999999999664e-02
6.047999999999999545e+02	0.000000000000000000e+00	1.949999999999999956e+00	-3.760000000000000148e-02
6.077999999999999545e+02	0.000000000000000000e+00	1.949000000000000066e+00	-3.690000000000000224e-02
6.107999999999999545e+02	0.000000000000000000e+00	1.947999999999999954e+00	-3.610000000000000014e-02
6.137999999999999545e+02	0.000000000000000000e+00	1.947999999999999954e+00	-3.529999999999999805e-02
6.167999999999999545e+02	0.000000000000000000e+00	1.947000000000000064e+00	-3.459999999999999881e-02
6.198999999999999773e+02	0.000000000000000000e+00	1.945999999999999952e+00	-3.389999999999999958e-02
6.230000000000000000e+02	0.000000000000000000e+00	1.945000000000000062e+00	-3.309999999999999748e-02
6.262000000000000455e+02	0.000000000000000000e+00	1.943999999999999950e+00	-3.239999999999999825e-02
6.293999999999999773e+02	0.000000000000000000e+00	1.943000000000000060e+00	-3.169999999999999901e-02
6.326000000000000227e+02	0.000000000000000000e+00	1.943000000000000060e+00	-3.099999999999999978e-02
6.357999999999999545e+02	0.000000000000000000e+00	1.941999999999999948e+00	-3.030000000000000054e-02
6.391000000000000227e+02	0.000000000000000000e+00	1.941000000000000059e+00	-2.960000000000000131e-02
6.423999999999999773e+02	0.000000000000000000e+00	1.939999999999999947e+00	-2.900000000000000147e-02
6.457999999999999545e+02	0.000000000000000000e+00	1.939000000000000057e+00	-2.829999999999999877e-02
6.491000000000000227e+02	0.000000000000000000e+00	1.937999999999999945e+00	-2.769999999999999893e-02
6.526000000000000227e+02	0.000000000000000000e+00	1.937999999999999945e+00	-2.699999999999999969e-02
6.560000000000000000e+02	0.000000000000000000e+00	1.937000000000000055e+00	-2.639999999999999986e-02
6.595000000000000000e+02	0.000000000000000000e+00	1.935999999999999943e+00	-2.570000000000000062e-02
6.630000000000000000e+02	0.000000000000000000e+00	1.935000000000000053e+00	-2.510000000000000078e-02
6.666000000000000227e+02	0.000000000000000000e+00	1.933999999999999941e+00	-2.450000000000000094e-02
6.702000000000000455e+02	0.000000000000000000e+00	1.933000000000000052e+00	-2.390000000000000110e-02
6.737999999999999545e+02	0.000000000000000000e+00	1.931999999999999940e+00	-2.330000000000000127e-02
6.775000000000000000e+02	0.000000000000000000e+00	1.931999999999999940e+00	-2.280000000000000082e-02
6.812000000000000455e+02	0.000000000000000000e+00	1.931000000000000050e+00	-2.220000000000000098e-02
6.850000000000000000e+02	0.000000000000000000e+00	1.929999999999999938e+00	-2.160000000000000114e-02
6.887999999999999545e+02	0.000000000000000000e+00	1.929000000000000048e+00	-2.110000000000000070e-02
6.927000000000000455e+02	0.000000000000000000e+00	1.927999999999999936e+00	-2.050000000000000086e-02
6.965000000000000000e+02	0.000000000000000000e+00	1.927000000000000046e+00	-2.000000000000000042e-02
7.005000000000000000e+02	0.000000000000000000e+00	1.925999999999999934e+00	-1.940000000000000058e-02
7.045000000000000000e+02	0.000000000000000000e+00	1.925000000000000044e+00	-1.890000000000000013e-02
7.085000000000000000e+02	0.000000000000000000e+00	1.925000000000000044e+00	-1.839999999999999969e-02
7.126000000000000227e+02	0.000000000000000000e+00	1.923999999999999932e+00	-1.789999999999999925e-02
7.167000000000000455e+02	0.000000000000000000e+00	1.923000000000000043e+00	-1.739999999999999880e-02
7.207999999999999545e+02	0.000000000000000000e+00	1.921999999999999931e+00	-1.689999999999999836e-02
7.251000000000000227e+02	0.000000000000000000e+00	1.921000000000000041e+00	-1.650000000000000078e-02
7.292999999999999545e+02	0.000000000000000000e+00	1.919999999999999929e+00	-1.600000000000000033e-02
7.336000000000000227e+02	0.000000000000000000e+00	1.919000000000000039e+00	-1.549999999999999989e-02
7.380000000000000000e+02	0.000000000000000000e+00	1.919000000000000039e+00	-1.510000000000000057e-02
7.423999999999999773e+02	0.000000000000000000e+00	1.917999999999999927e+00	-1.460000000000000013e-02
7.468999999999999773e+02	0.000000000000000000e+00	1.917000000000000037e+00	-1.420000000000000082e-02
7.513999999999999773e+02	0.000000000000000000e+00	1.915999999999999925e+00	-1.379999999999999977e-02
7.560000000000000000e+02	0.000000000000000000e+00	1.915000000000000036e+00	-1.329999999999999932e-02
7.606000000000000227e+02	0.000000000000000000e+00	1.913999999999999924e+00	-1.290000000000000001e-02
7.652999999999999545e+02	0.000000000000000000e+00	1.913000000000000034e+00	-1.250000000000000069e-02
7.701000000000000227e+02	0.000000000000000000e+00	1.911999999999999922e+00	-1.209999999999999964e-02
7.748999999999999773e+02	0.000000000000000000e+00	1.911999999999999922e+00	-1.170000000000000033e-02
7.797999999999999545e+02	0.000000000000000000e+00	1.911000000000000032e+00	-1.129999999999999928e-02
7.847000000000000455e+02	0.000000000000000000e+00	1.909999999999999920e+00	-1.099999999999999936e-02
7.897000000000000455e+02	0.000000000000000000e+00	1.909000000000000030e+00	-1.060000000000000005e-02
7.947999999999999545e+02	0.000000000000000000e+00	1.907999999999999918e+00	-1.020000000000000073e-02
7.998999999999999773e+02	0.000000000000000000e+00	1.907000000000000028e+00	-9.900000000000000813e-03
8.051000000000000227e+02	0.000000000000000000e+00	1.905999999999999917e+00	-9.549999999999999462e-03
8.103999999999999773e+02	0.000000000000000000e+00	1.905999999999999917e+00	-9.209999999999999437e-03
8.157000000000000455e+02	0.000000000000000000e+00	1.905000000000000027e+00	-8.890000000000000333e-03
8.211000000000000227e+02	0.000000000000000000e+00	1.903999999999999915e+00	-8.559999999999999901e-03
8.266000000000000227e+02	0.000000000000000000e+00	1.903000000000000025e+00	-8.250000000000000389e-03
8.266000000000000227e+02	0.000000000000000000e+00	1.902809518225263119e+00	-8.346681253062811917e-03
8.316000000000000227e+02	0.000000000000000000e+00	1.902012624585408762e+00	-8.082709356367468942e-03
8.366000000000000227e+02	0.000000000000000000e+00	1.901225308009068637e+00	-7.828054318560657976e-03
8.416000000000000227e+02	0.000000000000000000e+00	1.900447453399144448e+00	-7.582387302138702406e-03
8.466000000000000227e+02	0.000000000000000000e+00	1.899678947041774091e+00	-7.345391075881245457e-03
8.516000000000000227e+02	0.000000000000000000e+00	1.898919676589708727e+00	-7.116759605208746245e-03
8.566000000000000227e+02	0.000000000000000000e+00	1.898169531045887259e+00	-6.896197656998300125e-03
8.616000000000000227e+02	0.000000000000000000e+00	1.897428400747211086e+00	-6.683420418347396467e-03
8.666000000000000227e+02	0.000000000000000000e+00	1.896696177348512258e+00	-6.478153128793421624e-03
8.716000000000000227e+02	0.000000000000000000e+00	1.895972753806714151e+00	-6.280130725513883433e-03
8.766000000000000227e+02	0.000000000000000000e+00	1.895258024365183758e+00	-6.089097501049286175e-03
8.816000000000000227e+02	0.000000000000000000e+00	1.894551884538270281e+00	-5.904806773106626751e-03
8.866000000000000227e+02	0.000000000000000000e+00	1.893854231096030905e+00	-5.727020566017137874e-03
8.916000000000000227e+02	0.000000000000000000e+00	1.893164962049139977e+00	-5.555509303436956259e-03
8.966000000000000227e+02	0.000000000000000000e+00	1.892483976633979159e+00	-5.390051511893872646e-03
9.016000000000000227e+02	0.000000000000000000e+00	1.891811175297906100e+00	-5.230433534797377000e-03
9.066000000000000227e+02	0.000000000000000000e+00	1.891146459684702297e+00	-5.076449256542681435e-03
9.116000000000000227e+02	0.000000000000000000e+00	1.890489732620193264e+00	-4.927899836352467658e-03
9.166000000000000227e+02	0.000000000000000000e+00	1.889840898098043231e+00	-4.784593451512651231e-03
9.216000000000000227e+02	0.000000000000000000e+00	1.889199861265720370e+00	-4.646345049670618822e-03
9.266000000000000227e+02	0.000000000000000000e+00	1.888566528410630108e+00	-4.512976109876069321e-03
9.316000000000000227e+02	0.000000000000000000e+00	1.887940806946414973e+00	-4.384314412055890543e-03
9.366000000000000227e+02	0.000000000000000000e+00	1.887322605399419873e+00	-4.260193814625397313e-03
9.416000000000000227e+02	0.000000000000000000e+00	1.886711833395319893e+00	-4.140454039948753516e-03
9.466000000000000227e+02	0.000000000000000000e+00	1.886108401645908206e+00	-4.024940467371548869e-03
9.516000000000000227e+02	0.000000000000000000e+00	1.885512221936043176e+00	-3.913503933558261545e-03
9.566000000000000227e+02	0.000000000000000000e+00	1.884923207110751786e+00	-3.806000539876794233e-03
9.616000000000000227e+02	0.000000000000000000e+00	1.884341271062490053e+00	-3.702291466581350294e-03
9.666000000000000227e+02	0.000000000000000000e+00	1.883766328718552874e+00	-3.602242793553700473e-03
9.716000000000000227e+02	0.000000000000000000e+00	1.883198296028639085e+00	-3.505725327371372532e-03
9.766000000000000227e+02	0.000000000000000000e+00	1.882637089952563736e+00	-3.412614434479447224e-03
9.816000000000000227e+02	0.000000000000000000e+00	1.882082628448117800e+00	-3.322789880250536128e-03
9.866000000000000227e+02	0.000000000000000000e+00	1.881534830459075547e+00	-3.236135673725121491e-03
9.916000000000000227e+02	0.000000000000000000e+00	1.880993615903344462e+00	-3.152539917831770431e-03
9.966000000000000227e+02	0.000000000000000000e+00	1.880458905661257951e+00	-3.071894664893804437e-03
1.001600000000000023e+03	0.000000000000000000e+00	1.879930621564009474e+00	-2.994095777235851637e-03
1.006600000000000023e+03	0.000000000000000000e+00	1.879408686382224580e+00	-2.919042792710270420e-03
1.011600000000000023e+03	0.000000000000000000e+00	1.878893023814671048e+00	-2.846638794969803821e-03
1.016600000000000023e+03	0.000000000000000000e+00	1.878383558477104476e+00	-2.776790288318953248e-03
1.021600000000000023e+03	0.000000000000000000e+00	1.877880215891247984e+00	-2.709407076982440869e-03
1.026599999999999909e+03	0.000000000000000000e+00	1.877382922473904259e+00	-2.644402148634903988e-03
1.031599999999999909e+03	0.000000000000000000e+00	1.876891605526198159e+00	-2.581691562041376221e-03
1.036599999999999909e+03	0.000000000000000000e+00	1.876406193222949437e+00	-2.521194338663490953e-03
1.041599999999999909e+03	0.000000000000000000e+00	1.875926614602172915e+00	-2.462832358091433544e-03
1.046599999999999909e+03	0.000000000000000000e+00	1.875452799554703232e+00	-2.406530257166612265e-03
1.051599999999999909e+03	0.000000000000000000e+00	1.874984678813947481e+00	-2.352215332664778051e-03
1.056599999999999909e+03	0.000000000000000000e+00	1.874522183945757758e+00	-2.299817447413940105e-03
1.061599999999999909e+03	0.000000000000000000e+00	1.874065247338427609e+00	-2.249268939725831019e-03
1.066599999999999909e+03	0.000000000000000000e+00	1.873613802192807487e+00	-2.200504536023985876e-03
1.071599999999999909e+03	0.000000000000000000e+00	1.873167782512540125e+00	-2.153461266555599385e-03
1.076599999999999909e+03	0.000000000000000000e+00	1.872727123094411805e+00	-2.108078384078324909e-03
1.081599999999999909e+03	0.000000000000000000e+00	1.872291759518820653e+00	-2.064297285417012601e-03
1.086599999999999909e+03	0.000000000000000000e+00	1.871861628140359501e+00	-2.022061435789096560e-03
1.091599999999999909e+03	0.000000000000000000e+00	1.871436666078510669e+00	-1.981316295800906232e-03
1.096599999999999909e+03	0.000000000000000000e+00	1.871016811208455088e+00	-1.942009251020636752e-03
1.101599999999999909e+03	0.000000000000000000e+00	1.870602002151988685e+00	-1.904089544037032740e-03
1.106599999999999909e+03	0.000000000000000000e+00	1.870192178268551109e+00	-1.867508208916052789e-03
1.111599999999999909e+03	0.000000000000000000e+00	1.869787279646359046e+00	-1.832218007970880941e-03
1.116599999999999909e+03	0.000000000000000000e+00	1.869387247093649451e+00	-1.798173370763630433e-03
1.121599999999999909e+03	0.000000000000000000e+00	1.868992022130025132e+00	-1.765330335259977833e-03
1.126599999999999909e+03	0.000000000000000000e+00	1.868601546977905814e+00	-1.733646491060737574e-03
1.131599999999999909e+03	0.000000000000000000e+00	1.868215764554082670e+00	-1.703080924637071381e-03
1.136599999999999909e+03	0.000000000000000000e+00	1.867834618461371443e+00	-1.673594166498613978e-03
1.141599999999999909e+03	0.000000000000000000e+00	1.867458052980370153e+00	-1.645148140226296643e-03
1.146599999999999909e+03	0.000000000000000000e+00	1.867086013061311389e+00	-1.617706113304048007e-03
1.151599999999999909e+03	0.000000000000000000e+00	1.866718444316015857e+00	-1.591232649685888137e-03
1.156599999999999909e+03	0.000000000000000000e+00	1.866355293009941185e+00	-1.565693564037158939e-03
1.161599999999999909e+03	0.000000000000000000e+00	1.865996506054326431e+00	-1.541055877590807692e-03
1.166599999999999909e+03	0.000000000000000000e+00	1.865642030998430956e+00	-1.517287775561715086e-03
1.171599999999999909e+03	0.000000000000000000e+00	1.865291816021866778e+00	-1.494358566064083078e-03
1.176599999999999909e+03	0.000000000000000000e+00	1.864945809927023523e+00	-1.472238640478827154e-03
1.181599999999999909e+03	0.000000000000000000e+00	1.864603962131582859e+00	-1.450899435219797770e-03
1.186599999999999909e+03	0.000000000000000000e+00	1.864266222661124850e+00	-1.430313394849458148e-03
1.191599999999999909e+03	0.000000000000000000e+00	1.863932542141821802e+00	-1.410453936496390299e-03
1.196599999999999909e+03	0.000000000000000000e+00	1.863602871793220261e+00	-1.391295415528682501e-03
1.201599999999999909e+03	0.000000000000000000e+00	1.863277163421110272e+00	-1.372813092438869131e-03
1.206599999999999909e+03	0.000000000000000000e+00	1.862955369410479456e+00	-1.354983100897662546e-03
1.211599999999999909e+03	0.000000000000000000e+00	1.862637442718552361e+00	-1.337782416935227479e-03
1.216599999999999909e+03	0.000000000000000000e+00	1.862323336867913293e+00	-1.321188829210196867e-03
1.221599999999999909e+03	0.000000000000000000e+00	1.862013005939712418e+00	-1.305180910328039047e-03
1.226599999999999909e+03	0.000000000000000000e+00	1.861706404566951578e+00	-1.289737989171742347e-03
1.231599999999999909e+03	0.000000000000000000e+00	1.861403487927853595e+00	-1.274840124209082430e-03
1.236599999999999909e+03	0.000000000000000000e+00	1.861104211739309067e+00	-1.260468077742009276e-03
1.241599999999999909e+03	0.000000000000000000e+00	1.860808532250402436e+00	-1.246603291064896568e-03
1.246599999999999909e+03	0.000000000000000000e+00	1.860516406236016662e+00	-1.233227860499579512e-03
1.251599999999999909e+03	0.000000000000000000e+00	1.860227790990514052e+00	-1.220324514276234073e-03
1.256599999999999909e+03	0.000000000000000000e+00	1.859942644321492811e+00	-1.207876590230240639e-03
1.261599999999999909e+03	0.000000000000000000e+00	1.859660924543619309e+00	-1.195868014286236795e-03
1.266599999999999909e+03	0.000000000000000000e+00	1.859382590472533847e+00	-1.184283279701571099e-03
1.271599999999999909e+03	0.000000000000000000e+00	1.859107601418830580e+00	-1.173107427042359213e-03
1.276599999999999909e+03	0.000000000000000000e+00	1.858835917182108055e+00	-1.162326024866279593e-03
1.281599999999999909e+03	0.000000000000000000e+00	1.858567498045093913e+00	-1.151925151087171461e-03
1.286599999999999909e+03	0.000000000000000000e+00	1.858302304767836866e+00	-1.141891374997364671e-03
1.291599999999999909e+03	0.000000000000000000e+00	1.858040298581971950e+00	-1.132211739924530438e-03
1.296599999999999909e+03	0.000000000000000000e+00	1.857781441185051285e+00	-1.122873746500655922e-03
1.301599999999999909e+03	0.000000000000000000e+00	1.857525694734946553e+00	-1.113865336521539708e-03
1.306599999999999909e+03	0.000000000000000000e+00	1.857273021844315197e+00	-1.105174877375963765e-03
1.311599999999999909e+03	0.000000000000000000e+00	1.857023385575136132e+00	-1.096791147024435550e-03
1.316599999999999909e+03	0.000000000000000000e+00	1.856776749433308948e+00	-1.088703319508105196e-03
1.321599999999999909e+03	0.000000000000000000e+00	1.856533077363318851e+00	-1.080900950969142064e-03
1.326599999999999909e+03	0.000000000000000000e+00	1.856292333742966649e+00	-1.073373966164523031e-03
1.331599999999999909e+03	0.000000000000000000e+00	1.856054483378160036e+00	-1.066112645455812198e-03
1.336599999999999909e+03	0.000000000000000000e+00	1.855819491497769036e+00	-1.059107612258137088e-03
1.341599999999999909e+03	0.000000000000000000e+00	1.855587323748543627e+00	-1.052349820932150766e-03
1.346599999999999909e+03	0.000000000000000000e+00	1.855357946190090423e+00	-1.045830545103346339e-03
1.351599999999999909e+03	0.000000000000000000e+00	1.855131325289911315e+00	-1.039541366393639766e-03
1.356599999999999909e+03	0.000000000000000000e+00	1.854907427918502050e+00	-1.033474163550669907e-03
1.361599999999999909e+03	0.000000000000000000e+00	1.854686221344508557e+00	-1.027621101960779059e-03
1.366599999999999909e+03	0.000000000000000000e+00	1.854467673229941660e+00	-1.021974623532132323e-03
1.371599999999999909e+03	0.000000000000000000e+00	1.854251751625450195e+00	-1.016527436934909403e-03
1.376599999999999909e+03	0.000000000000000000e+00	1.854038424965650078e+00	-1.011272508185969343e-03
1.381599999999999909e+03	0.000000000000000000e+00	1.853827662064509774e+00	-1.006203051565827998e-03
1.386599999999999909e+03	0.000000000000000000e+00	1.853619432110791498e+00	-1.001312520856219995e-03
1.391599999999999909e+03	0.000000000000000000e+00	1.853413704663546602e+00	-9.965946008869289250e-04
1.396599999999999909e+03	0.000000000000000000e+00	1.853210449647665570e+00	-9.920431993809724139e-04
1.401599999999999909e+03	0.000000000000000000e+00	1.853009637349481542e+00	-9.876524390876105595e-04
1.406599999999999909e+03	0.000000000000000000e+00	1.852811238412426231e+00	-9.834166501930178932e-04
1.411599999999999909e+03	0.000000000000000000e+00	1.852615223832738467e+00	-9.793303629988204997e-04
1.416599999999999909e+03	0.000000000000000000e+00	1.852421564955224031e+00	-9.753883008590434004e-04
1.421599999999999909e+03	0.000000000000000000e+00	1.852230233469067011e+00	-9.715853733663477832e-04
1.426599999999999909e+03	0.000000000000000000e+00	1.852041201403690218e+00	-9.679166697787583689e-04
1.431599999999999909e+03	0.000000000000000000e+00	1.851854441124666906e+00	-9.643774526783948633e-04
1.436599999999999909e+03	0.000000000000000000e+00	1.851669925329681110e+00	-9.609631518540165656e-04
1.441599999999999909e+03	0.000000000000000000e+00	1.851487627044535511e+00	-9.576693583994831281e-04
1.446599999999999909e+03	0.000000000000000000e+00	1.851307519619208808e+00	-9.544918190205086599e-04
1.451599999999999909e+03	0.000000000000000000e+00	1.851129576723959058e+00	-9.514264305423583918e-04
1.456599999999999909e+03	0.000000000000000000e+00	1.850953772345475423e+00	-9.484692346113959187e-04
1.461599999999999909e+03	0.000000000000000000e+00	1.850780080783074988e+00	-9.456164125836382956e-04
1.466599999999999909e+03	0.000000000000000000e+00	1.850608476644945322e+00	-9.428642805937198805e-04
1.471599999999999909e+03	0.000000000000000000e+00	1.850438934844432559e+00	-9.402092847978950211e-04
1.476599999999999909e+03	0.000000000000000000e+00	1.850271430596374111e+00	-9.376479967849403983e-04
1.481599999999999909e+03	0.000000000000000000e+00	1.850105939413475786e+00	-9.351771091490269829e-04
1.486599999999999909e+03	0.000000000000000000e+00	1.849942437102730874e+00	-9.327934312188490519e-04
1.491599999999999909e+03	0.000000000000000000e+00	1.849780899761884756e+00	-9.304938849374912429e-04
1.496599999999999909e+03	0.000000000000000000e+00	1.849621303775939252e+00	-9.282755008877168271e-04
1.501599999999999909e+03	0.000000000000000000e+00	1.849463625813702050e+00	-9.261354144575413344e-04
1.506599999999999909e+03	0.000000000000000000e+00	1.849307842824373882e+00	-9.240708621411441006e-04
1.511599999999999909e+03	0.000000000000000000e+00	1.849153932034180992e+00	-9.220791779703359703e-04
1.516599999999999909e+03	0.000000000000000000e+00	1.849001870943043579e+00	-9.201577900719805012e-04
1.521599999999999909e+03	0.000000000000000000e+00	1.848851637321288877e+00	-9.183042173469188867e-04
1.526599999999999909e+03	0.000000000000000000e+00	1.848703209206399078e+00	-9.165160662661128547e-04
1.531599999999999909e+03	0.000000000000000000e+00	1.848556564899802579e+00	-9.147910277798661661e-04
1.536599999999999909e+03	0.000000000000000000e+00	1.848411682963700731e+00	-9.131268743361366930e-04
1.541599999999999909e+03	0.000000000000000000e+00	1.848268542217934352e+00	-9.115214570040849548e-04
1.546599999999999909e+03	0.000000000000000000e+00	1.848127121736887313e+00	-9.099727026991478876e-04
1.551599999999999909e+03	0.000000000000000000e+00	1.847987400846427430e+00	-9.084786115060523902e-04
1.556599999999999909e+03	0.000000000000000000e+00	1.847849359120883772e+00	-9.070372540963138374e-04
1.561599999999999909e+03	0.000000000000000000e+00	1.847712976380061711e+00	-9.056467692368830357e-04
1.566599999999999909e+03	0.000000000000000000e+00	1.847578232686291511e+00	-9.043053613867254453e-04
1.571599999999999909e+03	0.000000000000000000e+00	1.847445108341514652e+00	-9.030112983782282712e-04
1.576599999999999909e+03	0.000000000000000000e+00	1.847313583884403254e+00	-9.017629091804435677e-04
1.581599999999999909e+03	0.000000000000000000e+00	1.847183640087516121e+00	-9.005585817412752481e-04
1.586599999999999909e+03	0.000000000000000000e+00	1.847055257954486995e+00	-8.993967609058279352e-04
1.591599999999999909e+03	0.000000000000000000e+00	1.846928418717247888e+00	-8.982759464082262302e-04
1.596599999999999909e+03	0.000000000000000000e+00	1.846803103833285720e+00	-8.971946909343126147e-04
1.601599999999999909e+03	0.000000000000000000e+00	1.846679294982930708e+00	-8.961515982527227305e-04
1.606599999999999909e+03	0.000000000000000000e+00	1.846556974066678958e+00	-8.951453214119239540e-04
1.611599999999999909e+03	0.000000000000000000e+00	1.846436123202546575e+00	-8.941745610008886144e-04
1.616599999999999909e+03	0.000000000000000000e+00	1.846316724723454650e+00	-8.932380634711577748e-04
1.621599999999999909e+03	0.000000000000000000e+00	1.846198761174647762e+00	-8.923346195181265216e-04
1.626599999999999909e+03	0.000000000000000000e+00	1.846082215311141583e+00	-8.914630625194622628e-04
1.631599999999999909e+03	0.000000000000000000e+00	1.845967070095201334e+00	-8.906222670286384436e-04
1.636599999999999909e+03	0.000000000000000000e+00	1.845853308693852224e+00	-8.898111473216393803e-04
1.641599999999999909e+03	0.000000000000000000e+00	1.845740914476418082e+00	-8.890286559949580475e-04
1.646599999999999909e+03	0.000000000000000000e+00	1.845629871012089529e+00	-8.882737826130786968e-04
1.651599999999999909e+03	0.000000000000000000e+00	1.845520162067523229e+00	-8.875455524036950528e-04
1.656599999999999909e+03	0.000000000000000000e+00	1.845411771604467566e+00	-8.868430249989816237e-04
1.661599999999999909e+03	0.000000000000000000e+00	1.845304683777418964e+00	-8.861652932212913877e-04
1.666599999999999909e+03	0.000000000000000000e+00	1.845198882931304629e+00	-8.855114819117117751e-04
1.671599999999999909e+03	0.000000000000000000e+00	1.845094353599194825e+00	-8.848807467999673503e-04
1.676599999999999909e+03	0.000000000000000000e+00	1.844991080500040903e+00	-8.842722734142085574e-04
1.681599999999999909e+03	0.000000000000000000e+00	1.844889048536441978e+00	-8.836852760292799929e-04
1.686599999999999909e+03	0.000000000000000000e+00	1.844788242792437361e+00	-8.831189966521080757e-04
1.691599999999999909e+03	0.000000000000000000e+00	1.844688648531326525e+00	-8.825727040429015395e-04
1.696599999999999909e+03	0.000000000000000000e+00	1.844590251193514829e+00	-8.820456927708961257e-04
1.701599999999999909e+03	0.000000000000000000e+00	1.844493036394384111e+00	-8.815372823034287346e-04
1.706599999999999909e+03	0.000000000000000000e+00	1.844396989922191032e+00	-8.810468161271609901e-04
1.711599999999999909e+03	0.000000000000000000e+00	1.844302097735988522e+00	-8.805736609003204192e-04
1.716599999999999909e+03	0.000000000000000000e+00	1.844208345963573636e+00	-8.801172056348622501e-04
1.721599999999999909e+03	0.000000000000000000e+00	1.844115720899459854e+00	-8.796768609074970095e-04
1.726599999999999909e+03	0.000000000000000000e+00	1.844024209002872672e+00	-8.792520580985653100e-04
1.731599999999999909e+03	0.000000000000000000e+00	1.843933796895770527e+00	-8.788422486577755896e-04
1.736599999999999909e+03	0.000000000000000000e+00	1.843844471360889470e+00	-8.784469033958579700e-04
1.741599999999999909e+03	0.000000000000000000e+00	1.843756219339810265e+00	-8.780655118012194909e-04
1.746599999999999909e+03	0.000000000000000000e+00	1.843669027931049920e+00	-8.776975813807173137e-04
1.751599999999999909e+03	0.000000000000000000e+00	1.843582884388174969e+00	-8.773426370236997712e-04
1.756599999999999909e+03	0.000000000000000000e+00	1.843497776117938747e+00	-8.770002203884927870e-04
1.761599999999999909e+03	0.000000000000000000e+00	1.843413690678440631e+00	-8.766698893105410659e-04
1.766599999999999909e+03	0.000000000000000000e+00	1.843330615777305947e+00	-8.763512172314384977e-04
1.771599999999999909e+03	0.000000000000000000e+00	1.843248539269890074e+00	-8.760437926481106285e-04
1.776599999999999909e+03	0.000000000000000000e+00	1.843167449157502524e+00	-8.757472185814383931e-04
1.781599999999999909e+03	0.000000000000000000e+00	1.843087333585653242e+00	-8.754611120636370284e-04
1.786599999999999909e+03	0.000000000000000000e+00	1.843008180842319321e+00	-8.751851036437271764e-04
1.791599999999999909e+03	0.000000000000000000e+00	1.842929979356232595e+00	-8.749188369104610999e-04
1.796599999999999909e+03	0.000000000000000000e+00	1.842852717695188769e+00	-8.746619680320863411e-04
1.801599999999999909e+03	0.000000000000000000e+00	1.842776384564375203e+00	-8.744141653123544159e-04
1.806599999999999909e+03	0.000000000000000000e+00	1.842700968804720896e+00	-8.741751087621989387e-04
1.811599999999999909e+03	0.000000000000000000e+00	1.842626459391263793e+00	-8.739444896865325137e-04
1.816599999999999909e+03	0.000000000000000000e+00	1.842552845431540298e+00	-8.737220102856264707e-04
1.821599999999999909e+03	0.000000000000000000e+00	1.842480116163992321e+00	-8.735073832705607258e-04
1.826599999999999909e+03	0.000000000000000000e+00	1.842408260956393651e+00	-8.733003314922457936e-04
1.831599999999999909e+03	0.000000000000000000e+00	1.842337269304296976e+00	-8.731005875835387087e-04
1.836599999999999909e+03	0.000000000000000000e+00	1.842267130829496447e+00	-8.729078936139901199e-04
1.841599999999999909e+03	0.000000000000000000e+00	1.842197835278511997e+00	-8.727220007567774909e-04
1.846599999999999909e+03	0.000000000000000000e+00	1.842129372521089881e+00	-8.725426689673934384e-04
1.851599999999999909e+03	0.000000000000000000e+00	1.842061732548721409e+00	-8.723696666736747160e-04
1.856599999999999909e+03	0.000000000000000000e+00	1.841994905473180122e+00	-8.722027704767720997e-04
1.861599999999999909e+03	0.000000000000000000e+00	1.841928881525076278e+00	-8.720417648626742216e-04
1.866599999999999909e+03	0.000000000000000000e+00	1.841863651052428663e+00	-8.718864419239124967e-04
1.871599999999999909e+03	0.000000000000000000e+00	1.841799204519253497e+00	-8.717366010910897883e-04
1.876599999999999909e+03	0.000000000000000000e+00	1.841735532504170436e+00	-8.715920488738833740e-04
1.881599999999999909e+03	0.000000000000000000e+00	1.841672625699025012e+00	-8.714525986111903381e-04
1.886599999999999909e+03	0.000000000000000000e+00	1.841610474907528383e+00	-8.713180702300905639e-04
1.891599999999999909e+03	0.000000000000000000e+00	1.841549071043912633e+00	-8.711882900133177850e-04
1.896599999999999909e+03	0.000000000000000000e+00	1.841488405131602279e+00	-8.710630903749372886e-04
1.901599999999999909e+03	0.000000000000000000e+00	1.841428468301902432e+00	-8.709423096439416557e-04
1.906599999999999909e+03	0.000000000000000000e+00	1.841369251792702499e+00	-8.708257918554835122e-04
1.911599999999999909e+03	0.000000000000000000e+00	1.841310746947194321e+00	-8.707133865494777122e-04
1.916599999999999909e+03	0.000000000000000000e+00	1.841252945212607406e+00	-8.706049485763111152e-04
1.921599999999999909e+03	0.000000000000000000e+00	1.841195838138958374e+00	-8.705003379094100515e-04
1.926599999999999909e+03	0.000000000000000000e+00	1.841139417377816168e+00	-8.703994194644233727e-04
1.931599999999999909e+03	0.000000000000000000e+00	1.841083674681080362e+00	-8.703020629247871153e-04
1.936599999999999909e+03	0.000000000000000000e+00	1.841028601899776795e+00	-8.702081425734459154e-04
1.941599999999999909e+03	0.000000000000000000e+00	1.840974190982865188e+00	-8.701175371305141159e-04
1.946599999999999909e+03	0.000000000000000000e+00	1.840920433976062753e+00	-8.700301295966662331e-04
1.951599999999999909e+03	0.000000000000000000e+00	1.840867323020681567e+00	-8.699458071020549008e-04
1.956599999999999909e+03	0.000000000000000000e+00	1.840814850352478826e+00	-8.698644607605615729e-04
1.961599999999999909e+03	0.000000000000000000e+00	1.840763008300522641e+00	-8.697859855291913307e-04
1.966599999999999909e+03	0.000000000000000000e+00	1.840711789286070710e+00	-8.697102800724298673e-04
1.971599999999999909e+03	0.000000000000000000e+00	1.840661185821460988e+00	-8.696372466313889585e-04
1.976599999999999909e+03	0.000000000000000000e+00	1.840611190509019224e+00	-8.695667908975692265e-04
1.981599999999999909e+03	0.000000000000000000e+00	1.840561796039975828e+00	-8.694988218910796240e-04
1.986599999999999909e+03	0.000000000000000000e+00	1.840512995193398060e+00	-8.694332518431541548e-04
1.991599999999999909e+03	0.000000000000000000e+00	1.840464780835134206e+00	-8.693699960828156666e-04
1.996599999999999909e+03	0.000000000000000000e+00	1.840417145916770636e+00	-8.693089729275398081e-04
2.001599999999999909e+03	0.000000000000000000e+00	1.840370083474602181e+00	-8.692501035777779874e-04
2.006599999999999909e+03	0.000000000000000000e+00	1.840323586628612729e+00	-8.691933120152027211e-04
2.011599999999999909e+03	0.000000000000000000e+00	1.840277648581470249e+00	-8.691385249045452703e-04
2.016599999999999909e+03	0.000000000000000000e+00	1.840232262617533365e+00	-8.690856714988969781e-04
2.021599999999999909e+03	0.000000000000000000e+00	1.840187422101869252e+00	-8.690346835483534187e-04
2.026599999999999909e+03	0.000000000000000000e+00	1.840143120479283079e+00	-8.689854952118830720e-04
2.031599999999999909e+03	0.000000000000000000e+00	1.840099351273360995e+00	-8.689380429723063577e-04
2.036599999999999909e+03	0.000000000000000000e+00	1.840056108085522224e+00	-8.688922655542755244e-04
2.041599999999999909e+03	0.000000000000000000e+00	1.840013384594084256e+00	-8.688481038451492493e-04
2.046599999999999909e+03	0.000000000000000000e+00	1.839971174553338695e+00	-8.688055008186607942e-04
2.051599999999999909e+03	0.000000000000000000e+00	1.839929471792637772e+00	-8.687644014612785600e-04
2.056599999999999909e+03	0.000000000000000000e+00	1.839888270215492394e+00	-8.687247527011680761e-04
2.061599999999999909e+03	0.000000000000000000e+00	1.839847563798681529e+00	-8.686865033396590392e-04
2.066599999999999909e+03	0.000000000000000000e+00	1.839807346591370685e+00	-8.686496039851326163e-04
2.071599999999999909e+03	0.000000000000000000e+00	1.839767612714243050e+00	-8.686140069892417338e-04
2.076599999999999909e+03	0.000000000000000000e+00	1.839728356358638628e+00	-8.685796663853823877e-04
2.081599999999999909e+03	0.000000000000000000e+00	1.839689571785706690e+00	-8.685465378293369355e-04
2.086599999999999909e+03	0.000000000000000000e+00	1.839651253325565339e+00	-8.685145785420117417e-04
2.091599999999999909e+03	0.000000000000000000e+00	1.839613395376473726e+00	-8.684837472541968601e-04
2.096599999999999909e+03	0.000000000000000000e+00	1.839575992404012261e+00	-8.684540041532742448e-04
2.101599999999999909e+03	0.000000000000000000e+00	1.839539038940274374e+00	-8.684253108318080267e-04
2.106599999999999909e+03	0.000000000000000000e+00	1.839502529583066703e+00	-8.683976302379484450e-04
2.111599999999999909e+03	0.000000000000000000e+00	1.839466458995119291e+00	-8.683709266275864381e-04
2.116599999999999909e+03	0.000000000000000000e+00	1.839430821903305535e+00	-8.683451655181978566e-04
2.121599999999999909e+03	0.000000000000000000e+00	1.839395613097871029e+00	-8.683203136443149546e-04
2.126599999999999909e+03	0.000000000000000000e+00	1.839360827431672618e+00	-8.682963389145711671e-04
2.131599999999999909e+03	0.000000000000000000e+00	1.839326459819424997e+00	-8.682732103702611682e-04
2.136599999999999909e+03	0.000000000000000000e+00	1.839292505236957975e+00	-8.682508981453637351e-04
2.141599999999999909e+03	0.000000000000000000e+00	1.839258958720482173e+00	-8.682293734279754836e-04
2.146599999999999909e+03	0.000000000000000000e+00	1.839225815365862271e+00	-8.682086084231059294e-04
2.151599999999999909e+03	0.000000000000000000e+00	1.839193070327901580e+00	-8.681885763167858415e-04
2.156599999999999909e+03	0.000000000000000000e+00	1.839160718819632612e+00	-8.681692512414420542e-04
2.161599999999999909e+03	0.000000000000000000e+00	1.839128756111617191e+00	-8.681506082424943899e-04
2.166599999999999909e+03	0.000000000000000000e+00	1.839097177531256566e+00	-8.681326232461320869e-04
2.171599999999999909e+03	0.000000000000000000e+00	1.839065978462106177e+00	-8.681152730282264704e-04
2.176599999999999909e+03	0.000000000000000000e+00	1.839035154343202416e+00	-8.680985351843422456e-04
2.181599999999999909e+03	0.000000000000000000e+00	1.839004700668395387e+00	-8.680823881008059963e-04
2.186599999999999909e+03	0.000000000000000000e+00	1.838974612985689649e+00	-8.680668109267967612e-04
2.191599999999999909e+03	0.000000000000000000e+00	1.838944886896594300e+00	-8.680517835474207402e-04
2.196599999999999909e+03	0.000000000000000000e+00	1.838915518055479037e+00	-8.680372865577372799e-04
2.201599999999999909e+03	0.000000000000000000e+00	1.838886502168940007e+00	-8.680233012377006844e-04
2.206599999999999909e+03	0.000000000000000000e+00	1.838857834995170304e+00	-8.680098095279874942e-04
2.211599999999999909e+03	0.000000000000000000e+00	1.838829512343342243e+00	-8.679967940066759483e-04
2.216599999999999909e+03	0.000000000000000000e+00	1.838801530072992962e+00	-8.679842378667490055e-04
2.221599999999999909e+03	0.000000000000000000e+00	1.838773884093419353e+00	-8.679721248943916530e-04
2.226599999999999909e+03	0.000000000000000000e+00	1.838746570363080979e+00	-8.679604394480535529e-04
2.231599999999999909e+03	0.000000000000000000e+00	1.838719584889007885e+00	-8.679491664382510061e-04
2.236599999999999909e+03	0.000000000000000000e+00	1.838692923726218620e+00	-8.679382913080822132e-04
2.241599999999999909e+03	0.000000000000000000e+00	1.838666582977141362e+00	-8.679278000144295940e-04
2.246599999999999909e+03	0.000000000000000000e+00	1.838640558791046153e+00	-8.679176790098257471e-04
2.251599999999999909e+03	0.000000000000000000e+00	1.838614847363480465e+00	-8.679079152249595227e-04
2.256599999999999909e+03	0.000000000000000000e+00	1.838589444935714301e+00	-8.678984960517999820e-04
2.261599999999999909e+03	0.000000000000000000e+00	1.838564347794189757e+00	-8.678894093273149335e-04
2.266599999999999909e+03	0.000000000000000000e+00	1.838539552269977895e+00	-8.678806433177652883e-04
2.271599999999999909e+03	0.000000000000000000e+00	1.838515054738244059e+00	-8.678721867035527927e-04
2.276599999999999909e+03	0.000000000000000000e+00	1.838490851617715638e+00	-8.678640285646033571e-04
2.281599999999999909e+03	0.000000000000000000e+00	1.838466939370160924e+00	-8.678561583662654884e-04
2.286599999999999909e+03	0.000000000000000000e+00	1.838443314499869752e+00	-8.678485659457072388e-04
2.291599999999999909e+03	0.000000000000000000e+00	1.838419973553143683e+00	-8.678412414987925899e-04
2.296599999999999909e+03	0.000000000000000000e+00	1.838396913117791076e+00	-8.678341755674214399e-04
2.301599999999999909e+03	0.000000000000000000e+00	1.838374129822627268e+00	-8.678273590273161749e-04
2.306599999999999909e+03	0.000000000000000000e+00	1.838351620336983627e+00	-8.678207830762398609e-04
2.311599999999999909e+03	0.000000000000000000e+00	1.838329381370218174e+00	-8.678144392226292509e-04
2.316599999999999909e+03	0.000000000000000000e+00	1.838307409671236625e+00	-8.678083192746299237e-04
2.321599999999999909e+03	0.000000000000000000e+00	1.838285702028016333e+00	-8.678024153295181564e-04
2.326599999999999909e+03	0.000000000000000000e+00	1.838264255267136660e+00	-8.677967197634958718e-04
2.331599999999999909e+03	0.000000000000000000e+00	1.838243066253314684e+00	-8.677912252218461910e-04
2.336599999999999909e+03	0.000000000000000000e+00	1.838222131888948008e+00	-8.677859246094361476e-04
2.341599999999999909e+03	0.000000000000000000e+00	1.838201449113660457e+00	-8.677808110815546372e-04
2.346599999999999909e+03	0.000000000000000000e+00	1.838181014903856214e+00	-8.677758780350740015e-04
2.351599999999999909e+03	0.000000000000000000e+00	1.838160826272276394e+00	-8.677711190999231033e-04
2.356599999999999909e+03	0.000000000000000000e+00	1.838140880267563171e+00	-8.677665281308618098e-04
2.361599999999999909e+03	0.000000000000000000e+00	1.838121173973828126e+00	-8.677620991995456086e-04
2.366599999999999909e+03	0.000000000000000000e+00	1.838101704510226364e+00	-8.677578265868702732e-04
2.371599999999999909e+03	0.000000000000000000e+00	1.838082469030534183e+00	-8.677537047755864942e-04
2.376599999999999909e+03	0.000000000000000000e+00	1.838063464722734297e+00	-8.677497284431760207e-04
2.381599999999999909e+03	0.000000000000000000e+00	1.838044688808604166e+00	-8.677458924549780357e-04
2.386599999999999909e+03	0.000000000000000000e+00	1.838026138543310095e+00	-8.677421918575590424e-04
2.391599999999999909e+03	0.000000000000000000e+00	1.838007811215005338e+00	-8.677386218723165054e-04
2.396599999999999909e+03	0.000000000000000000e+00	1.837989704144434411e+00	-8.677351778893082224e-04
2.401599999999999909e+03	0.000000000000000000e+00	1.837971814684541183e+00	-8.677318554612991871e-04
2.406599999999999909e+03	0.000000000000000000e+00	1.837954140220081412e+00	-8.677286502980190034e-04
2.411599999999999909e+03	0.000000000000000000e+00	1.837936678167241267e+00	-8.677255582606222635e-04
2.416599999999999909e+03	0.000000000000000000e+00	1.837919425973258969e+00	-8.677225753563434308e-04
2.421599999999999909e+03	0.000000000000000000e+00	1.837902381116052197e+00	-8.677196977333410249e-04
2.426599999999999909e+03	0.000000000000000000e+00	1.837885541103848164e+00	-8.677169216757240613e-04
2.431599999999999909e+03	0.000000000000000000e+00	1.837868903474821236e+00	-8.677142435987535889e-04
2.436599999999999909e+03	0.000000000000000000e+00	1.837852465796731005e+00	-8.677116600442134724e-04
2.441599999999999909e+03	0.000000000000000000e+00	1.837836225666568568e+00	-8.677091676759451054e-04
2.446599999999999909e+03	0.000000000000000000e+00	1.837820180710203699e+00	-8.677067632755388997e-04
2.451599999999999909e+03	0.000000000000000000e+00	1.837804328582038904e+00	-8.677044437381790801e-04
2.456599999999999909e+03	0.000000000000000000e+00	1.837788666964665918e+00	-8.677022060686337629e-04
2.461599999999999909e+03	0.000000000000000000e+00	1.837773193568527086e+00	-8.677000473773873899e-04
2.466599999999999909e+03	0.000000000000000000e+00	1.837757906131580299e+00	-8.676979648769097718e-04
2.471599999999999909e+03	0.000000000000000000e+00	1.837742802418969479e+00	-8.676959558780561032e-04
2.476599999999999909e+03	0.000000000000000000e+00	1.837727880222695953e+00	-8.676940177865948055e-04
2.481599999999999909e+03	0.000000000000000000e+00	1.837713137361297822e+00	-8.676921480998571251e-04
2.486599999999999909e+03	0.000000000000000000e+00	1.837698571679529547e+00	-8.676903444035059939e-04
2.491599999999999909e+03	0.000000000000000000e+00	1.837684181048046872e+00	-8.676886043684179728e-04
2.496599999999999909e+03	0.000000000000000000e+00	1.837669963363096626e+00	-8.676869257476758912e-04
2.501599999999999909e+03	0.000000000000000000e+00	1.837655916546208301e+00	-8.676853063736671970e-04
2.506599999999999909e+03	0.000000000000000000e+00	1.837642038543890521e+00	-8.676837441552849800e-04
2.511599999999999909e+03	0.000000000000000000e+00	1.837628327327330391e+00	-8.676822370752276586e-04
2.516599999999999909e+03	0.000000000000000000e+00	1.837614780892097954e+00	-8.676807831873942917e-04
2.521599999999999909e+03	0.000000000000000000e+00	1.837601397257851987e+00	-8.676793806143711816e-04
2.526599999999999909e+03	0.000000000000000000e+00	1.837588174468050672e+00	-8.676780275450077067e-04
2.531599999999999909e+03	0.000000000000000000e+00	1.837575110589666938e+00	-8.676767222320776966e-04
2.536599999999999909e+03	0.000000000000000000e+00	1.837562203712904019e+00	-8.676754629900230997e-04
2.541599999999999909e+03	0.000000000000000000e+00	1.837549451950917012e+00	-8.676742481927775556e-04
2.546599999999999909e+03	0.000000000000000000e+00	1.837536853439537543e+00	-8.676730762716664035e-04
2.551599999999999909e+03	0.000000000000000000e+00	1.837524406337000871e+00	-8.676719457133811762e-04
2.556599999999999909e+03	0.000000000000000000e+00	1.837512108823675883e+00	-8.676708550580255423e-04
2.561599999999999909e+03	0.000000000000000000e+00	1.837499959101800640e+00	-8.676698028972300953e-04
2.566599999999999909e+03	0.000000000000000000e+00	1.837487955395217920e+00	-8.676687878723333882e-04
2.571599999999999909e+03	0.000000000000000000e+00	1.837476095949117205e+00	-8.676678086726281273e-04
2.576599999999999909e+03	0.000000000000000000e+00	1.837464379029776218e+00	-8.676668640336681910e-04
2.581599999999999909e+03	0.000000000000000000e+00	1.837452802924309347e+00	-8.676659527356358212e-04
2.586599999999999909e+03	0.000000000000000000e+00	1.837441365940416516e+00	-8.676650736017667113e-04
2.591599999999999909e+03	0.000000000000000000e+00	1.837430066406134932e+00	-8.676642254968301715e-04
2.596599999999999909e+03	0.000000000000000000e+00	1.837418902669595955e+00	-8.676634073256636126e-04
