3.008999999999999773e+02	0.000000000000000000e+00	1.629999999999999893e+00	-2.910000000000000087e-02
3.016999999999999886e+02	0.000000000000000000e+00	1.629000000000000004e+00	-2.869999999999999982e-02
3.023999999999999773e+02	0.000000000000000000e+00	1.629000000000000004e+00	-2.829999999999999877e-02
3.031000000000000227e+02	0.000000000000000000e+00	1.627999999999999892e+00	-2.790000000000000119e-02
3.038999999999999773e+02	0.000000000000000000e+00	1.627999999999999892e+00	-2.750000000000000014e-02
3.046000000000000227e+02	0.000000000000000000e+00	1.627999999999999892e+00	-2.709999999999999909e-02
3.053999999999999773e+02	0.000000000000000000e+00	1.627000000000000002e+00	-2.670000000000000151e-02
3.061000000000000227e+02	0.000000000000000000e+00	1.627000000000000002e+00	-2.639999999999999986e-02
3.068999999999999773e+02	0.000000000000000000e+00	1.625999999999999890e+00	-2.599999999999999881e-02
3.076999999999999886e+02	0.000000000000000000e+00	1.625999999999999890e+00	-2.560000000000000123e-02
3.083999999999999773e+02	0.000000000000000000e+00	1.625000000000000000e+00	-2.520000000000000018e-02
3.091999999999999886e+02	0.000000000000000000e+00	1.625000000000000000e+00	-2.489999999999999852e-02
3.100000000000000000e+02	0.000000000000000000e+00	1.625000000000000000e+00	-2.450000000000000094e-02
3.106999999999999886e+02	0.000000000000000000e+00	1.624000000000000110e+00	-2.419999999999999929e-02
3.115000000000000000e+02	0.000000000000000000e+00	1.624000000000000110e+00	-2.380000000000000171e-02
3.123000000000000114e+02	0.000000000000000000e+00	1.622999999999999998e+00	-2.350000000000000006e-02
3.131000000000000227e+02	0.000000000000000000e+00	1.622999999999999998e+00	-2.309999999999999901e-02
3.138999999999999773e+02	0.000000000000000000e+00	1.622000000000000108e+00	-2.280000000000000082e-02
3.146999999999999886e+02	0.000000000000000000e+00	1.622000000000000108e+00	-2.239999999999999977e-02
3.155000000000000000e+02	0.000000000000000000e+00	1.622000000000000108e+00	-2.210000000000000159e-02
3.163000000000000114e+02	0.000000000000000000e+00	1.620999999999999996e+00	-2.179999999999999993e-02
3.171000000000000227e+02	0.000000000000000000e+00	1.620999999999999996e+00	-2.139999999999999888e-02
3.178999999999999773e+02	0.000000000000000000e+00	1.620000000000000107e+00	-2.110000000000000070e-02
3.186999999999999886e+02	0.000000000000000000e+00	1.620000000000000107e+00	-2.079999999999999905e-02
3.195000000000000000e+02	0.000000000000000000e+00	1.618999999999999995e+00	-2.040000000000000147e-02
3.203999999999999773e+02	0.000000000000000000e+00	1.618999999999999995e+00	-2.009999999999999981e-02
3.211999999999999886e+02	0.000000000000000000e+00	1.618999999999999995e+00	-1.980000000000000163e-02
3.220000000000000000e+02	0.000000000000000000e+00	1.618000000000000105e+00	-1.949999999999999997e-02
3.228999999999999773e+02	0.000000000000000000e+00	1.618000000000000105e+00	-1.919999999999999832e-02
3.236999999999999886e+02	0.000000000000000000e+00	1.616999999999999993e+00	-1.890000000000000013e-02
3.246000000000000227e+02	0.000000000000000000e+00	1.616999999999999993e+00	-1.859999999999999848e-02
3.253999999999999773e+02	0.000000000000000000e+00	1.616000000000000103e+00	-1.830000000000000029e-02
3.263000000000000114e+02	0.000000000000000000e+00	1.616000000000000103e+00	-1.799999999999999864e-02
3.271000000000000227e+02	0.000000000000000000e+00	1.616000000000000103e+00	-1.770000000000000046e-02
3.280000000000000000e+02	0.000000000000000000e+00	1.614999999999999991e+00	-1.739999999999999880e-02
3.288999999999999773e+02	0.000000000000000000e+00	1.614999999999999991e+00	-1.710000000000000062e-02
3.296999999999999886e+02	0.000000000000000000e+00	1.614000000000000101e+00	-1.679999999999999896e-02
3.306000000000000227e+02	0.000000000000000000e+00	1.614000000000000101e+00	-1.650000000000000078e-02
3.315000000000000000e+02	0.000000000000000000e+00	1.612999999999999989e+00	-1.629999999999999852e-02
3.323999999999999773e+02	0.000000000000000000e+00	1.612999999999999989e+00	-1.600000000000000033e-02
3.333000000000000114e+02	0.000000000000000000e+00	1.612000000000000099e+00	-1.569999999999999868e-02
3.341999999999999886e+02	0.000000000000000000e+00	1.612000000000000099e+00	-1.540000000000000049e-02
3.351000000000000227e+02	0.000000000000000000e+00	1.612000000000000099e+00	-1.519999999999999997e-02
3.360000000000000000e+02	0.000000000000000000e+00	1.610999999999999988e+00	-1.490000000000000005e-02
3.368999999999999773e+02	0.000000000000000000e+00	1.610999999999999988e+00	-1.469999999999999953e-02
3.378000000000000114e+02	0.000000000000000000e+00	1.610000000000000098e+00	-1.439999999999999961e-02
3.388000000000000114e+02	0.000000000000000000e+00	1.610000000000000098e+00	-1.409999999999999969e-02
3.396999999999999886e+02	0.000000000000000000e+00	1.608999999999999986e+00	-1.389999999999999916e-02
3.406000000000000227e+02	0.000000000000000000e+00	1.608999999999999986e+00	-1.359999999999999924e-02
3.416000000000000227e+02	0.000000000000000000e+00	1.608999999999999986e+00	-1.340000000000000045e-02
3.425000000000000000e+02	0.000000000000000000e+00	1.608000000000000096e+00	-1.310000000000000053e-02
3.433999999999999773e+02	0.000000000000000000e+00	1.608000000000000096e+00	-1.290000000000000001e-02
3.443999999999999773e+02	0.000000000000000000e+00	1.606999999999999984e+00	-1.269999999999999948e-02
3.453999999999999773e+02	0.000000000000000000e+00	1.606999999999999984e+00	-1.239999999999999956e-02
3.463000000000000114e+02	0.000000000000000000e+00	1.606000000000000094e+00	-1.220000000000000077e-02
3.473000000000000114e+02	0.000000000000000000e+00	1.606000000000000094e+00	-1.200000000000000025e-02
3.483000000000000114e+02	0.000000000000000000e+00	1.604999999999999982e+00	-1.170000000000000033e-02
3.493000000000000114e+02	0.000000000000000000e+00	1.604999999999999982e+00	-1.149999999999999981e-02
3.501999999999999886e+02	0.000000000000000000e+00	1.604999999999999982e+00	-1.129999999999999928e-02
3.511999999999999886e+02	0.000000000000000000e+00	1.604000000000000092e+00	-1.110000000000000049e-02
3.521999999999999886e+02	0.000000000000000000e+00	1.604000000000000092e+00	-1.089999999999999997e-02
3.531999999999999886e+02	0.000000000000000000e+00	1.602999999999999980e+00	-1.069999999999999944e-02
3.541999999999999886e+02	0.000000000000000000e+00	1.602999999999999980e+00	-1.039999999999999952e-02
3.553000000000000114e+02	0.000000000000000000e+00	1.602000000000000091e+00	-1.020000000000000073e-02
3.563000000000000114e+02	0.000000000000000000e+00	1.602000000000000091e+00	-1.000000000000000021e-02
3.573000000000000114e+02	0.000000000000000000e+00	1.602000000000000091e+00	-9.830000000000000196e-03
3.583000000000000114e+02	0.000000000000000000e+00	1.600999999999999979e+00	-9.629999999999999671e-03
3.593999999999999773e+02	0.000000000000000000e+00	1.600999999999999979e+00	-9.429999999999999147e-03
3.603999999999999773e+02	0.000000000000000000e+00	1.600000000000000089e+00	-9.230000000000000357e-03
3.615000000000000000e+02	0.000000000000000000e+00	1.600000000000000089e+00	-9.039999999999999425e-03
3.625000000000000000e+02	0.000000000000000000e+00	1.598999999999999977e+00	-8.850000000000000228e-03
3.636000000000000227e+02	0.000000000000000000e+00	1.598999999999999977e+00	-8.670000000000000623e-03
3.646999999999999886e+02	0.000000000000000000e+00	1.598999999999999977e+00	-8.479999999999999691e-03
3.656999999999999886e+02	0.000000000000000000e+00	1.598000000000000087e+00	-8.300000000000000086e-03
3.668000000000000114e+02	0.000000000000000000e+00	1.598000000000000087e+00	-8.120000000000000481e-03
3.678999999999999773e+02	0.000000000000000000e+00	1.596999999999999975e+00	-7.939999999999999142e-03
3.690000000000000000e+02	0.000000000000000000e+00	1.596999999999999975e+00	-7.769999999999999997e-03
3.701000000000000227e+02	0.000000000000000000e+00	1.596000000000000085e+00	-7.590000000000000392e-03
3.711999999999999886e+02	0.000000000000000000e+00	1.596000000000000085e+00	-7.420000000000000380e-03
3.723000000000000114e+02	0.000000000000000000e+00	1.596000000000000085e+00	-7.259999999999999960e-03
3.733999999999999773e+02	0.000000000000000000e+00	1.594999999999999973e+00	-7.089999999999999948e-03
3.746000000000000227e+02	0.000000000000000000e+00	1.594999999999999973e+00	-6.930000000000000396e-03
3.756999999999999886e+02	0.000000000000000000e+00	1.594000000000000083e+00	-6.769999999999999976e-03
3.768999999999999773e+02	0.000000000000000000e+00	1.594000000000000083e+00	-6.610000000000000424e-03
3.780000000000000000e+02	0.000000000000000000e+00	1.592999999999999972e+00	-6.459999999999999597e-03
3.791999999999999886e+02	0.000000000000000000e+00	1.592999999999999972e+00	-6.300000000000000044e-03
3.803000000000000114e+02	0.000000000000000000e+00	1.592999999999999972e+00	-6.150000000000000085e-03
3.815000000000000000e+02	0.000000000000000000e+00	1.592000000000000082e+00	-6.000000000000000125e-03
3.826999999999999886e+02	0.000000000000000000e+00	1.592000000000000082e+00	-5.859999999999999758e-03
3.838999999999999773e+02	0.000000000000000000e+00	1.590999999999999970e+00	-5.709999999999999798e-03
3.850000000000000000e+02	0.000000000000000000e+00	1.590999999999999970e+00	-5.570000000000000298e-03
3.861999999999999886e+02	0.000000000000000000e+00	1.590999999999999970e+00	-5.429999999999999931e-03
3.875000000000000000e+02	0.000000000000000000e+00	1.590000000000000080e+00	-5.290000000000000431e-03
3.886999999999999886e+02	0.000000000000000000e+00	1.590000000000000080e+00	-5.159999999999999656e-03
3.898999999999999773e+02	0.000000000000000000e+00	1.588999999999999968e+00	-5.020000000000000157e-03
3.911000000000000227e+02	0.000000000000000000e+00	1.588999999999999968e+00	-4.890000000000000249e-03
3.923999999999999773e+02	0.000000000000000000e+00	1.588999999999999968e+00	-4.760000000000000342e-03
3.936000000000000227e+02	0.000000000000000000e+00	1.588000000000000078e+00	-4.640000000000000027e-03
3.948999999999999773e+02	0.000000000000000000e+00	1.588000000000000078e+00	-4.510000000000000120e-03
3.961000000000000227e+02	0.000000000000000000e+00	1.586999999999999966e+00	-4.389999999999999805e-03
3.973999999999999773e+02	0.000000000000000000e+00	1.586999999999999966e+00	-4.270000000000000358e-03
3.986999999999999886e+02	0.000000000000000000e+00	1.586000000000000076e+00	-4.150000000000000043e-03
4.000000000000000000e+02	0.000000000000000000e+00	1.586000000000000076e+00	-4.029999999999999728e-03
4.011999999999999886e+02	0.000000000000000000e+00	1.586000000000000076e+00	-3.919999999999999873e-03
4.025000000000000000e+02	0.000000000000000000e+00	1.584999999999999964e+00	-3.799999999999999992e-03
4.038999999999999773e+02	0.000000000000000000e+00	1.584999999999999964e+00	-3.690000000000000138e-03
4.051999999999999886e+02	0.000000000000000000e+00	1.584000000000000075e+00	-3.579999999999999849e-03
4.065000000000000000e+02	0.000000000000000000e+00	1.584000000000000075e+00	-3.480000000000000020e-03
4.078000000000000114e+02	0.000000000000000000e+00	1.584000000000000075e+00	-3.370000000000000166e-03
4.091999999999999886e+02	0.000000000000000000e+00	1.582999999999999963e+00	-3.269999999999999903e-03
4.105000000000000000e+02	0.000000000000000000e+00	1.582999999999999963e+00	-3.170000000000000075e-03
4.118999999999999773e+02	0.000000000000000000e+00	1.582000000000000073e+00	-3.069999999999999812e-03
4.133000000000000114e+02	0.000000000000000000e+00	1.582000000000000073e+00	-2.969999999999999984e-03
4.146999999999999886e+02	0.000000000000000000e+00	1.582000000000000073e+00	-2.880000000000000181e-03
4.161000000000000227e+02	0.000000000000000000e+00	1.580999999999999961e+00	-2.779999999999999919e-03
4.175000000000000000e+02	0.000000000000000000e+00	1.580999999999999961e+00	-2.690000000000000117e-03
4.188999999999999773e+02	0.000000000000000000e+00	1.580000000000000071e+00	-2.599999999999999881e-03
4.203000000000000114e+02	0.000000000000000000e+00	1.580000000000000071e+00	-2.510000000000000078e-03
4.216999999999999886e+02	0.000000000000000000e+00	1.580000000000000071e+00	-2.429999999999999868e-03
4.231999999999999886e+02	0.000000000000000000e+00	1.578999999999999959e+00	-2.340000000000000066e-03
4.246000000000000227e+02	0.000000000000000000e+00	1.578999999999999959e+00	-2.259999999999999856e-03
4.261000000000000227e+02	0.000000000000000000e+00	1.578999999999999959e+00	-2.180000000000000080e-03
4.275000000000000000e+02	0.000000000000000000e+00	1.578000000000000069e+00	-2.099999999999999870e-03
4.290000000000000000e+02	0.000000000000000000e+00	1.578000000000000069e+00	-2.020000000000000094e-03
4.305000000000000000e+02	0.000000000000000000e+00	1.576999999999999957e+00	-1.949999999999999910e-03
4.320000000000000000e+02	0.000000000000000000e+00	1.576999999999999957e+00	-1.869999999999999917e-03
4.335000000000000000e+02	0.000000000000000000e+00	1.576999999999999957e+00	-1.799999999999999951e-03
4.350000000000000000e+02	0.000000000000000000e+00	1.576000000000000068e+00	-1.729999999999999984e-03
4.366000000000000227e+02	0.000000000000000000e+00	1.576000000000000068e+00	-1.660000000000000017e-03
4.381000000000000227e+02	0.000000000000000000e+00	1.574999999999999956e+00	-1.590000000000000050e-03
4.396999999999999886e+02	0.000000000000000000e+00	1.574999999999999956e+00	-1.529999999999999893e-03
4.411999999999999886e+02	0.000000000000000000e+00	1.574999999999999956e+00	-1.459999999999999926e-03
4.428000000000000114e+02	0.000000000000000000e+00	1.574000000000000066e+00	-1.399999999999999986e-03
4.443999999999999773e+02	0.000000000000000000e+00	1.574000000000000066e+00	-1.340000000000000045e-03
4.460000000000000000e+02	0.000000000000000000e+00	1.574000000000000066e+00	-1.280000000000000105e-03
4.476000000000000227e+02	0.000000000000000000e+00	1.572999999999999954e+00	-1.219999999999999947e-03
4.491999999999999886e+02	0.000000000000000000e+00	1.572999999999999954e+00	-1.160000000000000007e-03
4.508999999999999773e+02	0.000000000000000000e+00	1.572999999999999954e+00	-1.110000000000000092e-03
4.525000000000000000e+02	0.000000000000000000e+00	1.572000000000000064e+00	-1.059999999999999961e-03
4.541999999999999886e+02	0.000000000000000000e+00	1.572000000000000064e+00	-1.000000000000000021e-03
4.558000000000000114e+02	0.000000000000000000e+00	1.570999999999999952e+00	-9.529999999999999626e-04
4.575000000000000000e+02	0.000000000000000000e+00	1.570999999999999952e+00	-9.039999999999999642e-04
4.591999999999999886e+02	0.000000000000000000e+00	1.570999999999999952e+00	-8.570000000000000144e-04
4.608999999999999773e+02	0.000000000000000000e+00	1.570000000000000062e+00	-8.099999999999999561e-04
4.626000000000000227e+02	0.000000000000000000e+00	1.570000000000000062e+00	-7.659999999999999708e-04
4.643999999999999773e+02	0.000000000000000000e+00	1.570000000000000062e+00	-7.219999999999999855e-04
4.661000000000000227e+02	0.000000000000000000e+00	1.568999999999999950e+00	-6.800000000000000488e-04
4.678999999999999773e+02	0.000000000000000000e+00	1.568999999999999950e+00	-6.400000000000000524e-04
4.696000000000000227e+02	0.000000000000000000e+00	1.568000000000000060e+00	-6.009999999999999717e-04
4.713999999999999773e+02	0.000000000000000000e+00	1.568000000000000060e+00	-5.630000000000000239e-04
4.731999999999999886e+02	0.000000000000000000e+00	1.568000000000000060e+00	-5.259999999999999919e-04
4.750000000000000000e+02	0.000000000000000000e+00	1.566999999999999948e+00	-4.910000000000000085e-04
4.768999999999999773e+02	0.000000000000000000e+00	1.566999999999999948e+00	-4.569999999999999952e-04
4.786999999999999886e+02	0.000000000000000000e+00	1.566999999999999948e+00	-4.249999999999999763e-04
4.806000000000000227e+02	0.000000000000000000e+00	1.566000000000000059e+00	-3.939999999999999817e-04
4.823999999999999773e+02	0.000000000000000000e+00	1.566000000000000059e+00	-3.640000000000000115e-04
4.843000000000000114e+02	0.000000000000000000e+00	1.566000000000000059e+00	-3.350000000000000113e-04
4.861999999999999886e+02	0.000000000000000000e+00	1.564999999999999947e+00	-3.080000000000000055e-04
4.881000000000000227e+02	0.000000000000000000e+00	1.564999999999999947e+00	-2.820000000000000241e-04
4.901000000000000227e+02	0.000000000000000000e+00	1.564999999999999947e+00	-2.570000000000000127e-04
4.920000000000000000e+02	0.000000000000000000e+00	1.564000000000000057e+00	-2.329999999999999986e-04
4.940000000000000000e+02	0.000000000000000000e+00	1.564000000000000057e+00	-2.110000000000000059e-04
4.958999999999999773e+02	0.000000000000000000e+00	1.564000000000000057e+00	-1.890000000000000133e-04
4.978999999999999773e+02	0.000000000000000000e+00	1.562999999999999945e+00	-1.689999999999999879e-04
4.998999999999999773e+02	0.000000000000000000e+00	1.562999999999999945e+00	-1.510000000000000112e-04
5.020000000000000000e+02	0.000000000000000000e+00	1.562999999999999945e+00	-1.330000000000000073e-04
5.040000000000000000e+02	0.000000000000000000e+00	1.562000000000000055e+00	-1.160000000000000007e-04
5.061000000000000227e+02	0.000000000000000000e+00	1.562000000000000055e+00	-1.010000000000000020e-04
5.081000000000000227e+02	0.000000000000000000e+00	1.562000000000000055e+00	-8.670000000000000677e-05
5.101999999999999886e+02	0.000000000000000000e+00	1.560999999999999943e+00	-7.360000000000000006e-05
5.122999999999999545e+02	0.000000000000000000e+00	1.560999999999999943e+00	-6.160000000000000653e-05
5.145000000000000000e+02	0.000000000000000000e+00	1.560999999999999943e+00	-5.069999999999999908e-05
5.166000000000000227e+02	0.000000000000000000e+00	1.560000000000000053e+00	-4.089999999999999804e-05
5.187999999999999545e+02	0.000000000000000000e+00	1.560000000000000053e+00	-3.210000000000000098e-05
5.208999999999999773e+02	0.000000000000000000e+00	1.560000000000000053e+00	-2.449999999999999921e-05
5.231000000000000227e+02	0.000000000000000000e+00	1.558999999999999941e+00	-1.790000000000000141e-05
5.253999999999999773e+02	0.000000000000000000e+00	1.558999999999999941e+00	-1.230000000000000082e-05
5.276000000000000227e+02	0.000000000000000000e+00	1.558999999999999941e+00	-7.839999999999999476e-06
5.298999999999999773e+02	0.000000000000000000e+00	1.558000000000000052e+00	-4.359999999999999760e-06
5.321000000000000227e+02	0.000000000000000000e+00	1.558000000000000052e+00	-1.900000000000000020e-06
5.343999999999999773e+02	0.000000000000000000e+00	1.558000000000000052e+00	-4.529999999999999933e-07
5.367000000000000455e+02	0.000000000000000000e+00	1.556999999999999940e+00	-9.560000000000000074e-10
5.391000000000000227e+02	0.000000000000000000e+00	1.556999999999999940e+00	-5.370000000000000043e-07
5.413999999999999773e+02	0.000000000000000000e+00	1.556999999999999940e+00	-2.049999999999999854e-06
5.437999999999999545e+02	0.000000000000000000e+00	1.556000000000000050e+00	-4.529999999999999827e-06
5.462000000000000455e+02	0.000000000000000000e+00	1.556000000000000050e+00	-7.969999999999999925e-06
5.486000000000000227e+02	0.000000000000000000e+00	1.556000000000000050e+00	-1.239999999999999986e-05
5.510000000000000000e+02	0.000000000000000000e+00	1.554999999999999938e+00	-1.769999999999999994e-05
5.535000000000000000e+02	0.000000000000000000e+00	1.554999999999999938e+00	-2.390000000000000157e-05
5.560000000000000000e+02	0.000000000000000000e+00	1.554999999999999938e+00	-3.109999999999999700e-05
5.585000000000000000e+02	0.000000000000000000e+00	1.554000000000000048e+00	-3.919999999999999738e-05
5.610000000000000000e+02	0.000000000000000000e+00	1.554000000000000048e+00	-4.819999999999999930e-05
5.636000000000000227e+02	0.000000000000000000e+00	1.554000000000000048e+00	-5.800000000000000034e-05
5.661000000000000227e+02	0.000000000000000000e+00	1.554000000000000048e+00	-6.880000000000000536e-05
5.687000000000000455e+02	0.000000000000000000e+00	1.552999999999999936e+00	-8.040000000000000271e-05
5.713999999999999773e+02	0.000000000000000000e+00	1.552999999999999936e+00	-9.289999999999999484e-05
5.740000000000000000e+02	0.000000000000000000e+00	1.552999999999999936e+00	-1.060000000000000016e-04
5.767000000000000455e+02	0.000000000000000000e+00	1.552000000000000046e+00	-1.200000000000000030e-04
5.793999999999999773e+02	0.000000000000000000e+00	1.552000000000000046e+00	-1.350000000000000017e-04
5.821000000000000227e+02	0.000000000000000000e+00	1.552000000000000046e+00	-1.510000000000000112e-04
5.847999999999999545e+02	0.000000000000000000e+00	1.550999999999999934e+00	-1.679999999999999907e-04
5.876000000000000227e+02	0.000000000000000000e+00	1.550999999999999934e+00	-1.849999999999999973e-04
5.903999999999999773e+02	0.000000000000000000e+00	1.550999999999999934e+00	-2.039999999999999984e-04
5.932000000000000455e+02	0.000000000000000000e+00	1.550000000000000044e+00	-2.229999999999999994e-04
5.961000000000000227e+02	0.000000000000000000e+00	1.550000000000000044e+00	-2.429999999999999977e-04
5.990000000000000000e+02	0.000000000000000000e+00	1.550000000000000044e+00	-2.629999999999999959e-04
6.018999999999999773e+02	0.000000000000000000e+00	1.550000000000000044e+00	-2.849999999999999886e-04
6.047999999999999545e+02	0.000000000000000000e+00	1.548999999999999932e+00	-3.069999999999999812e-04
6.077999999999999545e+02	0.000000000000000000e+00	1.548999999999999932e+00	-3.299999999999999982e-04
6.107999999999999545e+02	0.000000000000000000e+00	1.548999999999999932e+00	-3.530000000000000152e-04
6.137999999999999545e+02	0.000000000000000000e+00	1.548000000000000043e+00	-3.780000000000000265e-04
6.167999999999999545e+02	0.000000000000000000e+00	1.548000000000000043e+00	-4.029999999999999837e-04
6.198999999999999773e+02	0.000000000000000000e+00	1.548000000000000043e+00	-4.290000000000000193e-04
6.230000000000000000e+02	0.000000000000000000e+00	1.548000000000000043e+00	-4.550000000000000008e-04
6.262000000000000455e+02	0.000000000000000000e+00	1.546999999999999931e+00	-4.829999999999999767e-04
6.293999999999999773e+02	0.000000000000000000e+00	1.546999999999999931e+00	-5.100000000000000366e-04
6.326000000000000227e+02	0.000000000000000000e+00	1.546999999999999931e+00	-5.389999999999999826e-04
6.357999999999999545e+02	0.000000000000000000e+00	1.546000000000000041e+00	-5.680000000000000370e-04
6.391000000000000227e+02	0.000000000000000000e+00	1.546000000000000041e+00	-5.980000000000000072e-04
6.423999999999999773e+02	0.000000000000000000e+00	1.546000000000000041e+00	-6.290000000000000018e-04
6.457999999999999545e+02	0.000000000000000000e+00	1.546000000000000041e+00	-6.599999999999999964e-04
6.491000000000000227e+02	0.000000000000000000e+00	1.544999999999999929e+00	-6.920000000000000153e-04
6.526000000000000227e+02	0.000000000000000000e+00	1.544999999999999929e+00	-7.249999999999999500e-04
6.560000000000000000e+02	0.000000000000000000e+00	1.544999999999999929e+00	-7.579999999999999932e-04
6.595000000000000000e+02	0.000000000000000000e+00	1.544000000000000039e+00	-7.919999999999999523e-04
6.630000000000000000e+02	0.000000000000000000e+00	1.544000000000000039e+00	-8.260000000000000198e-04
6.666000000000000227e+02	0.000000000000000000e+00	1.544000000000000039e+00	-8.610000000000000032e-04
6.702000000000000455e+02	0.000000000000000000e+00	1.544000000000000039e+00	-8.970000000000000109e-04
6.737999999999999545e+02	0.000000000000000000e+00	1.542999999999999927e+00	-9.330000000000000186e-04
6.775000000000000000e+02	0.000000000000000000e+00	1.542999999999999927e+00	-9.700000000000000505e-04
6.812000000000000455e+02	0.000000000000000000e+00	1.542999999999999927e+00	-1.010000000000000047e-03
6.850000000000000000e+02	0.000000000000000000e+00	1.542999999999999927e+00	-1.049999999999999935e-03
6.887999999999999545e+02	0.000000000000000000e+00	1.542000000000000037e+00	-1.080000000000000014e-03
6.927000000000000455e+02	0.000000000000000000e+00	1.542000000000000037e+00	-1.119999999999999902e-03
6.965000000000000000e+02	0.000000000000000000e+00	1.542000000000000037e+00	-1.160000000000000007e-03
7.005000000000000000e+02	0.000000000000000000e+00	1.540999999999999925e+00	-1.199999999999999895e-03
7.045000000000000000e+02	0.000000000000000000e+00	1.540999999999999925e+00	-1.240000000000000000e-03
7.085000000000000000e+02	0.000000000000000000e+00	1.540999999999999925e+00	-1.289999999999999914e-03
7.126000000000000227e+02	0.000000000000000000e+00	1.540999999999999925e+00	-1.330000000000000019e-03
7.167000000000000455e+02	0.000000000000000000e+00	1.540000000000000036e+00	-1.369999999999999907e-03
7.207999999999999545e+02	0.000000000000000000e+00	1.540000000000000036e+00	-1.410000000000000012e-03
7.251000000000000227e+02	0.000000000000000000e+00	1.540000000000000036e+00	-1.459999999999999926e-03
7.292999999999999545e+02	0.000000000000000000e+00	1.540000000000000036e+00	-1.500000000000000031e-03
7.336000000000000227e+02	0.000000000000000000e+00	1.538999999999999924e+00	-1.539999999999999919e-03
7.380000000000000000e+02	0.000000000000000000e+00	1.538999999999999924e+00	-1.590000000000000050e-03
7.423999999999999773e+02	0.000000000000000000e+00	1.538999999999999924e+00	-1.639999999999999965e-03
7.468999999999999773e+02	0.000000000000000000e+00	1.538999999999999924e+00	-1.680000000000000070e-03
7.513999999999999773e+02	0.000000000000000000e+00	1.538000000000000034e+00	-1.729999999999999984e-03
7.560000000000000000e+02	0.000000000000000000e+00	1.538000000000000034e+00	-1.770000000000000089e-03
7.606000000000000227e+02	0.000000000000000000e+00	1.538000000000000034e+00	-1.820000000000000003e-03
7.652999999999999545e+02	0.000000000000000000e+00	1.538000000000000034e+00	-1.869999999999999917e-03
7.701000000000000227e+02	0.000000000000000000e+00	1.536999999999999922e+00	-1.920000000000000049e-03
7.748999999999999773e+02	0.000000000000000000e+00	1.536999999999999922e+00	-1.969999999999999963e-03
7.797999999999999545e+02	0.000000000000000000e+00	1.536999999999999922e+00	-2.020000000000000094e-03
7.847000000000000455e+02	0.000000000000000000e+00	1.536999999999999922e+00	-2.069999999999999792e-03
7.897000000000000455e+02	0.000000000000000000e+00	1.536000000000000032e+00	-2.119999999999999923e-03
7.947999999999999545e+02	0.000000000000000000e+00	1.536000000000000032e+00	-2.170000000000000054e-03
7.998999999999999773e+02	0.000000000000000000e+00	1.536000000000000032e+00	-2.220000000000000185e-03
8.051000000000000227e+02	0.000000000000000000e+00	1.536000000000000032e+00	-2.269999999999999882e-03
8.103999999999999773e+02	0.000000000000000000e+00	1.534999999999999920e+00	-2.320000000000000014e-03
8.157000000000000455e+02	0.000000000000000000e+00	1.534999999999999920e+00	-2.370000000000000145e-03
8.211000000000000227e+02	0.000000000000000000e+00	1.534999999999999920e+00	-2.419999999999999842e-03
8.266000000000000227e+02	0.000000000000000000e+00	1.534999999999999920e+00	-2.419999999999999842e-03
8.266000000000000227e+02	0.000000000000000000e+00	1.536461331494959559e+00	-2.419999999999999842e-03
8.316000000000000227e+02	0.000000000000000000e+00	1.536328965182536477e+00	-2.419999999999999842e-03
8.366000000000000227e+02	0.000000000000000000e+00	1.536200373407634157e+00	-2.419999999999999842e-03
8.416000000000000227e+02	0.000000000000000000e+00	1.536075448536117660e+00	-2.419999999999999842e-03
8.466000000000000227e+02	0.000000000000000000e+00	1.535954086003130881e+00	-2.419999999999999842e-03
8.516000000000000227e+02	0.000000000000000000e+00	1.535836184225573220e+00	-2.419999999999999842e-03
8.566000000000000227e+02	0.000000000000000000e+00	1.535721644517072271e+00	-2.419999999999999842e-03
8.616000000000000227e+02	0.000000000000000000e+00	1.535610371005380781e+00	-2.419999999999999842e-03
8.666000000000000227e+02	0.000000000000000000e+00	1.535502270552130399e+00	-2.419999999999999842e-03
8.716000000000000227e+02	0.000000000000000000e+00	1.535397252674871593e+00	-2.419999999999999842e-03
8.766000000000000227e+02	0.000000000000000000e+00	1.535295229471338896e+00	-2.419999999999999842e-03
8.816000000000000227e+02	0.000000000000000000e+00	1.535196115545874429e+00	-2.419999999999999842e-03
8.866000000000000227e+02	0.000000000000000000e+00	1.535099827937949968e+00	-2.419999999999999842e-03
8.916000000000000227e+02	0.000000000000000000e+00	1.535006286052726265e+00	-2.419999999999999842e-03
8.966000000000000227e+02	0.000000000000000000e+00	1.534915411593595236e+00	-2.419999999999999842e-03
9.016000000000000227e+02	0.000000000000000000e+00	1.534827128496642157e+00	-2.419999999999999842e-03
9.066000000000000227e+02	0.000000000000000000e+00	1.534741362866979486e+00	-2.419999999999999842e-03
9.116000000000000227e+02	0.000000000000000000e+00	1.534658042916895004e+00	-2.419999999999999842e-03
9.166000000000000227e+02	0.000000000000000000e+00	1.534577098905763881e+00	-2.419999999999999842e-03
9.216000000000000227e+02	0.000000000000000000e+00	1.534498463081674480e+00	-2.419999999999999842e-03
9.266000000000000227e+02	0.000000000000000000e+00	1.534422069624718166e+00	-2.419999999999999842e-03
9.316000000000000227e+02	0.000000000000000000e+00	1.534347854591896265e+00	-2.419999999999999842e-03
9.366000000000000227e+02	0.000000000000000000e+00	1.534275755863599988e+00	-2.419999999999999842e-03
9.416000000000000227e+02	0.000000000000000000e+00	1.534205713091612466e+00	-2.419999999999999842e-03
9.466000000000000227e+02	0.000000000000000000e+00	1.534137667648598713e+00	-2.419999999999999842e-03
9.516000000000000227e+02	0.000000000000000000e+00	1.534071562579030656e+00	-2.419999999999999842e-03
9.566000000000000227e+02	0.000000000000000000e+00	1.534007342551516162e+00	-2.419999999999999842e-03
9.616000000000000227e+02	0.000000000000000000e+00	1.533944953812484302e+00	-2.419999999999999842e-03
9.666000000000000227e+02	0.000000000000000000e+00	1.533884344141192901e+00	-2.419999999999999842e-03
9.716000000000000227e+02	0.000000000000000000e+00	1.533825462806017947e+00	-2.419999999999999842e-03
9.766000000000000227e+02	0.000000000000000000e+00	1.533768260521991555e+00	-2.419999999999999842e-03
9.816000000000000227e+02	0.000000000000000000e+00	1.533712689409547636e+00	-2.419999999999999842e-03
9.866000000000000227e+02	0.000000000000000000e+00	1.533658702954447062e+00	-2.419999999999999842e-03
9.916000000000000227e+02	0.000000000000000000e+00	1.533606255968843257e+00	-2.419999999999999842e-03
9.966000000000000227e+02	0.000000000000000000e+00	1.533555304553459564e+00	-2.419999999999999842e-03
1.001600000000000023e+03	0.000000000000000000e+00	1.533505806060844412e+00	-2.419999999999999842e-03
1.006600000000000023e+03	0.000000000000000000e+00	1.533457719059674096e+00	-2.419999999999999842e-03
1.011600000000000023e+03	0.000000000000000000e+00	1.533411003300074515e+00	-2.419999999999999842e-03
1.016600000000000023e+03	0.000000000000000000e+00	1.533365619679931013e+00	-2.419999999999999842e-03
1.021600000000000023e+03	0.000000000000000000e+00	1.533321530212158335e+00	-2.419999999999999842e-03
1.026599999999999909e+03	0.000000000000000000e+00	1.533278697992905615e+00	-2.419999999999999842e-03
1.031599999999999909e+03	0.000000000000000000e+00	1.533237087170665980e+00	-2.419999999999999842e-03
1.036599999999999909e+03	0.000000000000000000e+00	1.533196662916269437e+00	-2.419999999999999842e-03
1.041599999999999909e+03	0.000000000000000000e+00	1.533157391393728641e+00	-2.419999999999999842e-03
1.046599999999999909e+03	0.000000000000000000e+00	1.533119239731918215e+00	-2.419999999999999842e-03
1.051599999999999909e+03	0.000000000000000000e+00	1.533082175997060981e+00	-2.419999999999999842e-03
1.056599999999999909e+03	0.000000000000000000e+00	1.533046169165998451e+00	-2.419999999999999842e-03
1.061599999999999909e+03	0.000000000000000000e+00	1.533011189100223381e+00	-2.419999999999999842e-03
1.066599999999999909e+03	0.000000000000000000e+00	1.532977206520653946e+00	-2.419999999999999842e-03
1.071599999999999909e+03	0.000000000000000000e+00	1.532944192983126230e+00	-2.419999999999999842e-03
1.076599999999999909e+03	0.000000000000000000e+00	1.532912120854585503e+00	-2.419999999999999842e-03
1.081599999999999909e+03	0.000000000000000000e+00	1.532880963289956933e+00	-2.419999999999999842e-03
1.086599999999999909e+03	0.000000000000000000e+00	1.532850694209676012e+00	-2.419999999999999842e-03
1.091599999999999909e+03	0.000000000000000000e+00	1.532821288277858907e+00	-2.419999999999999842e-03
1.096599999999999909e+03	0.000000000000000000e+00	1.532792720881096082e+00	-2.419999999999999842e-03
1.101599999999999909e+03	0.000000000000000000e+00	1.532764968107850345e+00	-2.419999999999999842e-03
1.106599999999999909e+03	0.000000000000000000e+00	1.532738006728441738e+00	-2.419999999999999842e-03
1.111599999999999909e+03	0.000000000000000000e+00	1.532711814175604870e+00	-2.419999999999999842e-03
1.116599999999999909e+03	0.000000000000000000e+00	1.532686368525598475e+00	-2.419999999999999842e-03
1.121599999999999909e+03	0.000000000000000000e+00	1.532661648479856309e+00	-2.419999999999999842e-03
1.126599999999999909e+03	0.000000000000000000e+00	1.532637633347157413e+00	-2.419999999999999842e-03
1.131599999999999909e+03	0.000000000000000000e+00	1.532614303026309965e+00	-2.419999999999999842e-03
1.136599999999999909e+03	0.000000000000000000e+00	1.532591637989323408e+00	-2.419999999999999842e-03
1.141599999999999909e+03	0.000000000000000000e+00	1.532569619265065075e+00	-2.419999999999999842e-03
1.146599999999999909e+03	0.000000000000000000e+00	1.532548228423380232e+00	-2.419999999999999842e-03
1.151599999999999909e+03	0.000000000000000000e+00	1.532527447559665079e+00	-2.419999999999999842e-03
1.156599999999999909e+03	0.000000000000000000e+00	1.532507259279881406e+00	-2.419999999999999842e-03
1.161599999999999909e+03	0.000000000000000000e+00	1.532487646685996463e+00	-2.419999999999999842e-03
1.166599999999999909e+03	0.000000000000000000e+00	1.532468593361839160e+00	-2.419999999999999842e-03
1.171599999999999909e+03	0.000000000000000000e+00	1.532450083359359505e+00	-2.419999999999999842e-03
1.176599999999999909e+03	0.000000000000000000e+00	1.532432101185279505e+00	-2.419999999999999842e-03
1.181599999999999909e+03	0.000000000000000000e+00	1.532414631788125314e+00	-2.419999999999999842e-03
1.186599999999999909e+03	0.000000000000000000e+00	1.532397660545628426e+00	-2.419999999999999842e-03
1.191599999999999909e+03	0.000000000000000000e+00	1.532381173252487239e+00	-2.419999999999999842e-03
1.196599999999999909e+03	0.000000000000000000e+00	1.532365156108475457e+00	-2.419999999999999842e-03
1.201599999999999909e+03	0.000000000000000000e+00	1.532349595706892664e+00	-2.419999999999999842e-03
1.206599999999999909e+03	0.000000000000000000e+00	1.532334479023341522e+00	-2.419999999999999842e-03
1.211599999999999909e+03	0.000000000000000000e+00	1.532319793404826491e+00	-2.419999999999999842e-03
1.216599999999999909e+03	0.000000000000000000e+00	1.532305526559162967e+00	-2.419999999999999842e-03
1.221599999999999909e+03	0.000000000000000000e+00	1.532291666544688624e+00	-2.419999999999999842e-03
1.226599999999999909e+03	0.000000000000000000e+00	1.532278201760266967e+00	-2.419999999999999842e-03
1.231599999999999909e+03	0.000000000000000000e+00	1.532265120935578651e+00	-2.419999999999999842e-03
1.236599999999999909e+03	0.000000000000000000e+00	1.532252413121686363e+00	-2.419999999999999842e-03
1.241599999999999909e+03	0.000000000000000000e+00	1.532240067681871709e+00	-2.419999999999999842e-03
1.246599999999999909e+03	0.000000000000000000e+00	1.532228074282730557e+00	-2.419999999999999842e-03
1.251599999999999909e+03	0.000000000000000000e+00	1.532216422885525065e+00	-2.419999999999999842e-03
1.256599999999999909e+03	0.000000000000000000e+00	1.532205103737780183e+00	-2.419999999999999842e-03
1.261599999999999909e+03	0.000000000000000000e+00	1.532194107365121294e+00	-2.419999999999999842e-03
1.266599999999999909e+03	0.000000000000000000e+00	1.532183424563343221e+00	-2.419999999999999842e-03
1.271599999999999909e+03	0.000000000000000000e+00	1.532173046390706839e+00	-2.419999999999999842e-03
1.276599999999999909e+03	0.000000000000000000e+00	1.532162964160454166e+00	-2.419999999999999842e-03
1.281599999999999909e+03	0.000000000000000000e+00	1.532153169433537299e+00	-2.419999999999999842e-03
1.286599999999999909e+03	0.000000000000000000e+00	1.532143654011555167e+00	-2.419999999999999842e-03
1.291599999999999909e+03	0.000000000000000000e+00	1.532134409929891028e+00	-2.419999999999999842e-03
1.296599999999999909e+03	0.000000000000000000e+00	1.532125429451045573e+00	-2.419999999999999842e-03
1.301599999999999909e+03	0.000000000000000000e+00	1.532116705058161665e+00	-2.419999999999999842e-03
1.306599999999999909e+03	0.000000000000000000e+00	1.532108229448730707e+00	-2.419999999999999842e-03
1.311599999999999909e+03	0.000000000000000000e+00	1.532099995528482195e+00	-2.419999999999999842e-03
1.316599999999999909e+03	0.000000000000000000e+00	1.532091996405444023e+00	-2.419999999999999842e-03
1.321599999999999909e+03	0.000000000000000000e+00	1.532084225384175102e+00	-2.419999999999999842e-03
1.326599999999999909e+03	0.000000000000000000e+00	1.532076675960160062e+00	-2.419999999999999842e-03
1.331599999999999909e+03	0.000000000000000000e+00	1.532069341814365604e+00	-2.419999999999999842e-03
1.336599999999999909e+03	0.000000000000000000e+00	1.532062216807950961e+00	-2.419999999999999842e-03
1.341599999999999909e+03	0.000000000000000000e+00	1.532055294977129556e+00	-2.419999999999999842e-03
1.346599999999999909e+03	0.000000000000000000e+00	1.532048570528177001e+00	-2.419999999999999842e-03
1.351599999999999909e+03	0.000000000000000000e+00	1.532042037832582526e+00	-2.419999999999999842e-03
1.356599999999999909e+03	0.000000000000000000e+00	1.532035691422336532e+00	-2.419999999999999842e-03
1.361599999999999909e+03	0.000000000000000000e+00	1.532029525985354246e+00	-2.419999999999999842e-03
1.366599999999999909e+03	0.000000000000000000e+00	1.532023536361030169e+00	-2.419999999999999842e-03
1.371599999999999909e+03	0.000000000000000000e+00	1.532017717535917312e+00	-2.419999999999999842e-03
1.376599999999999909e+03	0.000000000000000000e+00	1.532012064639531213e+00	-2.419999999999999842e-03
1.381599999999999909e+03	0.000000000000000000e+00	1.532006572940274092e+00	-2.419999999999999842e-03
1.386599999999999909e+03	0.000000000000000000e+00	1.532001237841472907e+00	-2.419999999999999842e-03
1.391599999999999909e+03	0.000000000000000000e+00	1.531996054877533320e+00	-2.419999999999999842e-03
1.396599999999999909e+03	0.000000000000000000e+00	1.531991019710200463e+00	-2.419999999999999842e-03
1.401599999999999909e+03	0.000000000000000000e+00	1.531986128124929403e+00	-2.419999999999999842e-03
1.406599999999999909e+03	0.000000000000000000e+00	1.531981376027355735e+00	-2.419999999999999842e-03
1.411599999999999909e+03	0.000000000000000000e+00	1.531976759439869884e+00	-2.419999999999999842e-03
1.416599999999999909e+03	0.000000000000000000e+00	1.531972274498286435e+00	-2.419999999999999842e-03
1.421599999999999909e+03	0.000000000000000000e+00	1.531967917448611383e+00	-2.419999999999999842e-03
1.426599999999999909e+03	0.000000000000000000e+00	1.531963684643898427e+00	-2.419999999999999842e-03
1.431599999999999909e+03	0.000000000000000000e+00	1.531959572541197190e+00	-2.419999999999999842e-03
1.436599999999999909e+03	0.000000000000000000e+00	1.531955577698587811e+00	-2.419999999999999842e-03
1.441599999999999909e+03	0.000000000000000000e+00	1.531951696772299254e+00	-2.419999999999999842e-03
1.446599999999999909e+03	0.000000000000000000e+00	1.531947926513911318e+00	-2.419999999999999842e-03
1.451599999999999909e+03	0.000000000000000000e+00	1.531944263767634817e+00	-2.419999999999999842e-03
1.456599999999999909e+03	0.000000000000000000e+00	1.531940705467670805e+00	-2.419999999999999842e-03
1.461599999999999909e+03	0.000000000000000000e+00	1.531937248635644622e+00	-2.419999999999999842e-03
1.466599999999999909e+03	0.000000000000000000e+00	1.531933890378111673e+00	-2.419999999999999842e-03
1.471599999999999909e+03	0.000000000000000000e+00	1.531930627884136920e+00	-2.419999999999999842e-03
1.476599999999999909e+03	0.000000000000000000e+00	1.531927458422941202e+00	-2.419999999999999842e-03
1.481599999999999909e+03	0.000000000000000000e+00	1.531924379341616405e+00	-2.419999999999999842e-03
1.486599999999999909e+03	0.000000000000000000e+00	1.531921388062903677e+00	-2.419999999999999842e-03
1.491599999999999909e+03	0.000000000000000000e+00	1.531918482083037159e+00	-2.419999999999999842e-03
1.496599999999999909e+03	0.000000000000000000e+00	1.531915658969648319e+00	-2.419999999999999842e-03
1.501599999999999909e+03	0.000000000000000000e+00	1.531912916359728927e+00	-2.419999999999999842e-03
1.506599999999999909e+03	0.000000000000000000e+00	1.531910251957654401e+00	-2.419999999999999842e-03
1.511599999999999909e+03	0.000000000000000000e+00	1.531907663533262021e+00	-2.419999999999999842e-03
1.516599999999999909e+03	0.000000000000000000e+00	1.531905148919983750e+00	-2.419999999999999842e-03
1.521599999999999909e+03	0.000000000000000000e+00	1.531902706013033244e+00	-2.419999999999999842e-03
1.526599999999999909e+03	0.000000000000000000e+00	1.531900332767643702e+00	-2.419999999999999842e-03
1.531599999999999909e+03	0.000000000000000000e+00	1.531898027197356571e+00	-2.419999999999999842e-03
1.536599999999999909e+03	0.000000000000000000e+00	1.531895787372359097e+00	-2.419999999999999842e-03
1.541599999999999909e+03	0.000000000000000000e+00	1.531893611417868950e+00	-2.419999999999999842e-03
1.546599999999999909e+03	0.000000000000000000e+00	1.531891497512563927e+00	-2.419999999999999842e-03
1.551599999999999909e+03	0.000000000000000000e+00	1.531889443887059388e+00	-2.419999999999999842e-03
1.556599999999999909e+03	0.000000000000000000e+00	1.531887448822425890e+00	-2.419999999999999842e-03
1.561599999999999909e+03	0.000000000000000000e+00	1.531885510648750115e+00	-2.419999999999999842e-03
1.566599999999999909e+03	0.000000000000000000e+00	1.531883627743738430e+00	-2.419999999999999842e-03
1.571599999999999909e+03	0.000000000000000000e+00	1.531881798531358196e+00	-2.419999999999999842e-03
1.576599999999999909e+03	0.000000000000000000e+00	1.531880021480518383e+00	-2.419999999999999842e-03
1.581599999999999909e+03	0.000000000000000000e+00	1.531878295103788368e+00	-2.419999999999999842e-03
1.586599999999999909e+03	0.000000000000000000e+00	1.531876617956153375e+00	-2.419999999999999842e-03
1.591599999999999909e+03	0.000000000000000000e+00	1.531874988633803669e+00	-2.419999999999999842e-03
1.596599999999999909e+03	0.000000000000000000e+00	1.531873405772961050e+00	-2.419999999999999842e-03
1.601599999999999909e+03	0.000000000000000000e+00	1.531871868048735985e+00	-2.419999999999999842e-03
1.606599999999999909e+03	0.000000000000000000e+00	1.531870374174019833e+00	-2.419999999999999842e-03
1.611599999999999909e+03	0.000000000000000000e+00	1.531868922898406593e+00	-2.419999999999999842e-03
1.616599999999999909e+03	0.000000000000000000e+00	1.531867513007146853e+00	-2.419999999999999842e-03
1.621599999999999909e+03	0.000000000000000000e+00	1.531866143320130602e+00	-2.419999999999999842e-03
1.626599999999999909e+03	0.000000000000000000e+00	1.531864812690899802e+00	-2.419999999999999842e-03
1.631599999999999909e+03	0.000000000000000000e+00	1.531863520005688484e+00	-2.419999999999999842e-03
1.636599999999999909e+03	0.000000000000000000e+00	1.531862264182491051e+00	-2.419999999999999842e-03
1.641599999999999909e+03	0.000000000000000000e+00	1.531861044170155894e+00	-2.419999999999999842e-03
1.646599999999999909e+03	0.000000000000000000e+00	1.531859858947505870e+00	-2.419999999999999842e-03
1.651599999999999909e+03	0.000000000000000000e+00	1.531858707522483876e+00	-2.419999999999999842e-03
1.656599999999999909e+03	0.000000000000000000e+00	1.531857588931321512e+00	-2.419999999999999842e-03
1.661599999999999909e+03	0.000000000000000000e+00	1.531856502237733508e+00	-2.419999999999999842e-03
1.666599999999999909e+03	0.000000000000000000e+00	1.531855446532133902e+00	-2.419999999999999842e-03
1.671599999999999909e+03	0.000000000000000000e+00	1.531854420930873539e+00	-2.419999999999999842e-03
1.676599999999999909e+03	0.000000000000000000e+00	1.531853424575501998e+00	-2.419999999999999842e-03
1.681599999999999909e+03	0.000000000000000000e+00	1.531852456632047721e+00	-2.419999999999999842e-03
1.686599999999999909e+03	0.000000000000000000e+00	1.531851516290321014e+00	-2.419999999999999842e-03
1.691599999999999909e+03	0.000000000000000000e+00	1.531850602763235036e+00	-2.419999999999999842e-03
1.696599999999999909e+03	0.000000000000000000e+00	1.531849715286147884e+00	-2.419999999999999842e-03
1.701599999999999909e+03	0.000000000000000000e+00	1.531848853116221543e+00	-2.419999999999999842e-03
1.706599999999999909e+03	0.000000000000000000e+00	1.531848015531801055e+00	-2.419999999999999842e-03
1.711599999999999909e+03	0.000000000000000000e+00	1.531847201831809668e+00	-2.419999999999999842e-03
1.716599999999999909e+03	0.000000000000000000e+00	1.531846411335162861e+00	-2.419999999999999842e-03
1.721599999999999909e+03	0.000000000000000000e+00	1.531845643380197464e+00	-2.419999999999999842e-03
1.726599999999999909e+03	0.000000000000000000e+00	1.531844897324118548e+00	-2.419999999999999842e-03
1.731599999999999909e+03	0.000000000000000000e+00	1.531844172542460525e+00	-2.419999999999999842e-03
1.736599999999999909e+03	0.000000000000000000e+00	1.531843468428565558e+00	-2.419999999999999842e-03
1.741599999999999909e+03	0.000000000000000000e+00	1.531842784393074641e+00	-2.419999999999999842e-03
1.746599999999999909e+03	0.000000000000000000e+00	1.531842119863435103e+00	-2.419999999999999842e-03
1.751599999999999909e+03	0.000000000000000000e+00	1.531841474283421212e+00	-2.419999999999999842e-03
1.756599999999999909e+03	0.000000000000000000e+00	1.531840847112668325e+00	-2.419999999999999842e-03
1.761599999999999909e+03	0.000000000000000000e+00	1.531840237826220585e+00	-2.419999999999999842e-03
1.766599999999999909e+03	0.000000000000000000e+00	1.531839645914092163e+00	-2.419999999999999842e-03
1.771599999999999909e+03	0.000000000000000000e+00	1.531839070880839371e+00	-2.419999999999999842e-03
1.776599999999999909e+03	0.000000000000000000e+00	1.531838512245146777e+00	-2.419999999999999842e-03
1.781599999999999909e+03	0.000000000000000000e+00	1.531837969539424193e+00	-2.419999999999999842e-03
1.786599999999999909e+03	0.000000000000000000e+00	1.531837442309414987e+00	-2.419999999999999842e-03
1.791599999999999909e+03	0.000000000000000000e+00	1.531836930113816164e+00	-2.419999999999999842e-03
1.796599999999999909e+03	0.000000000000000000e+00	1.531836432523908664e+00	-2.419999999999999842e-03
1.801599999999999909e+03	0.000000000000000000e+00	1.531835949123198759e+00	-2.419999999999999842e-03
1.806599999999999909e+03	0.000000000000000000e+00	1.531835479507069664e+00	-2.419999999999999842e-03
1.811599999999999909e+03	0.000000000000000000e+00	1.531835023282442476e+00	-2.419999999999999842e-03
1.816599999999999909e+03	0.000000000000000000e+00	1.531834580067446661e+00	-2.419999999999999842e-03
1.821599999999999909e+03	0.000000000000000000e+00	1.531834149491102082e+00	-2.419999999999999842e-03
1.826599999999999909e+03	0.000000000000000000e+00	1.531833731193006587e+00	-2.419999999999999842e-03
1.831599999999999909e+03	0.000000000000000000e+00	1.531833324823035580e+00	-2.419999999999999842e-03
1.836599999999999909e+03	0.000000000000000000e+00	1.531832930041048701e+00	-2.419999999999999842e-03
1.841599999999999909e+03	0.000000000000000000e+00	1.531832546516604276e+00	-2.419999999999999842e-03
1.846599999999999909e+03	0.000000000000000000e+00	1.531832173928684426e+00	-2.419999999999999842e-03
1.851599999999999909e+03	0.000000000000000000e+00	1.531831811965424839e+00	-2.419999999999999842e-03
1.856599999999999909e+03	0.000000000000000000e+00	1.531831460323854088e+00	-2.419999999999999842e-03
1.861599999999999909e+03	0.000000000000000000e+00	1.531831118709640505e+00	-2.419999999999999842e-03
1.866599999999999909e+03	0.000000000000000000e+00	1.531830786836845704e+00	-2.419999999999999842e-03
1.871599999999999909e+03	0.000000000000000000e+00	1.531830464427684779e+00	-2.419999999999999842e-03
1.876599999999999909e+03	0.000000000000000000e+00	1.531830151212294044e+00	-2.419999999999999842e-03
1.881599999999999909e+03	0.000000000000000000e+00	1.531829846928505656e+00	-2.419999999999999842e-03
1.886599999999999909e+03	0.000000000000000000e+00	1.531829551321627125e+00	-2.419999999999999842e-03
1.891599999999999909e+03	0.000000000000000000e+00	1.531829264144229041e+00	-2.419999999999999842e-03
1.896599999999999909e+03	0.000000000000000000e+00	1.531828985155937906e+00	-2.419999999999999842e-03
1.901599999999999909e+03	0.000000000000000000e+00	1.531828714123234070e+00	-2.419999999999999842e-03
1.906599999999999909e+03	0.000000000000000000e+00	1.531828450819257448e+00	-2.419999999999999842e-03
1.911599999999999909e+03	0.000000000000000000e+00	1.531828195023616779e+00	-2.419999999999999842e-03
1.916599999999999909e+03	0.000000000000000000e+00	1.531827946522205330e+00	-2.419999999999999842e-03
1.921599999999999909e+03	0.000000000000000000e+00	1.531827705107022375e+00	-2.419999999999999842e-03
1.926599999999999909e+03	0.000000000000000000e+00	1.531827470575997552e+00	-2.419999999999999842e-03
1.931599999999999909e+03	0.000000000000000000e+00	1.531827242732823890e+00	-2.419999999999999842e-03
1.936599999999999909e+03	0.000000000000000000e+00	1.531827021386791055e+00	-2.419999999999999842e-03
1.941599999999999909e+03	0.000000000000000000e+00	1.531826806352627912e+00	-2.419999999999999842e-03
1.946599999999999909e+03	0.000000000000000000e+00	1.531826597450346217e+00	-2.419999999999999842e-03
1.951599999999999909e+03	0.000000000000000000e+00	1.531826394505089839e+00	-2.419999999999999842e-03
1.956599999999999909e+03	0.000000000000000000e+00	1.531826197346989327e+00	-2.419999999999999842e-03
1.961599999999999909e+03	0.000000000000000000e+00	1.531826005811019131e+00	-2.419999999999999842e-03
1.966599999999999909e+03	0.000000000000000000e+00	1.531825819736859495e+00	-2.419999999999999842e-03
1.971599999999999909e+03	0.000000000000000000e+00	1.531825638968762116e+00	-2.419999999999999842e-03
1.976599999999999909e+03	0.000000000000000000e+00	1.531825463355420025e+00	-2.419999999999999842e-03
1.981599999999999909e+03	0.000000000000000000e+00	1.531825292749841250e+00	-2.419999999999999842e-03
1.986599999999999909e+03	0.000000000000000000e+00	1.531825127009224907e+00	-2.419999999999999842e-03
1.991599999999999909e+03	0.000000000000000000e+00	1.531824965994842636e+00	-2.419999999999999842e-03
1.996599999999999909e+03	0.000000000000000000e+00	1.531824809571922019e+00	-2.419999999999999842e-03
2.001599999999999909e+03	0.000000000000000000e+00	1.531824657609533347e+00	-2.419999999999999842e-03
2.006599999999999909e+03	0.000000000000000000e+00	1.531824509980481031e+00	-2.419999999999999842e-03
2.011599999999999909e+03	0.000000000000000000e+00	1.531824366561196138e+00	-2.419999999999999842e-03
2.016599999999999909e+03	0.000000000000000000e+00	1.531824227231633806e+00	-2.419999999999999842e-03
2.021599999999999909e+03	0.000000000000000000e+00	1.531824091875171767e+00	-2.419999999999999842e-03
2.026599999999999909e+03	0.000000000000000000e+00	1.531823960378513760e+00	-2.419999999999999842e-03
2.031599999999999909e+03	0.000000000000000000e+00	1.531823832631594717e+00	-2.419999999999999842e-03
2.036599999999999909e+03	0.000000000000000000e+00	1.531823708527487060e+00	-2.419999999999999842e-03
2.041599999999999909e+03	0.000000000000000000e+00	1.531823587962312994e+00	-2.419999999999999842e-03
2.046599999999999909e+03	0.000000000000000000e+00	1.531823470835157242e+00	-2.419999999999999842e-03
2.051599999999999909e+03	0.000000000000000000e+00	1.531823357047981560e+00	-2.419999999999999842e-03
2.056599999999999909e+03	0.000000000000000000e+00	1.531823246505543468e+00	-2.419999999999999842e-03
2.061599999999999909e+03	0.000000000000000000e+00	1.531823139115316534e+00	-2.419999999999999842e-03
2.066599999999999909e+03	0.000000000000000000e+00	1.531823034787413107e+00	-2.419999999999999842e-03
2.071599999999999909e+03	0.000000000000000000e+00	1.531822933434508149e+00	-2.419999999999999842e-03
2.076599999999999909e+03	0.000000000000000000e+00	1.531822834971767078e+00	-2.419999999999999842e-03
2.081599999999999909e+03	0.000000000000000000e+00	1.531822739316774484e+00	-2.419999999999999842e-03
2.086599999999999909e+03	0.000000000000000000e+00	1.531822646389465081e+00	-2.419999999999999842e-03
2.091599999999999909e+03	0.000000000000000000e+00	1.531822556112056644e+00	-2.419999999999999842e-03
2.096599999999999909e+03	0.000000000000000000e+00	1.531822468408984728e+00	-2.419999999999999842e-03
2.101599999999999909e+03	0.000000000000000000e+00	1.531822383206840499e+00	-2.419999999999999842e-03
2.106599999999999909e+03	0.000000000000000000e+00	1.531822300434307449e+00	-2.419999999999999842e-03
2.111599999999999909e+03	0.000000000000000000e+00	1.531822220022103220e+00	-2.419999999999999842e-03
2.116599999999999909e+03	0.000000000000000000e+00	1.531822141902921208e+00	-2.419999999999999842e-03
2.121599999999999909e+03	0.000000000000000000e+00	1.531822066011373940e+00	-2.419999999999999842e-03
2.126599999999999909e+03	0.000000000000000000e+00	1.531821992283938227e+00	-2.419999999999999842e-03
2.131599999999999909e+03	0.000000000000000000e+00	1.531821920658902991e+00	-2.419999999999999842e-03
2.136599999999999909e+03	0.000000000000000000e+00	1.531821851076316188e+00	-2.419999999999999842e-03
2.141599999999999909e+03	0.000000000000000000e+00	1.531821783477935739e+00	-2.419999999999999842e-03
2.146599999999999909e+03	0.000000000000000000e+00	1.531821717807180461e+00	-2.419999999999999842e-03
2.151599999999999909e+03	0.000000000000000000e+00	1.531821654009082323e+00	-2.419999999999999842e-03
2.156599999999999909e+03	0.000000000000000000e+00	1.531821592030241153e+00	-2.419999999999999842e-03
2.161599999999999909e+03	0.000000000000000000e+00	1.531821531818778892e+00	-2.419999999999999842e-03
2.166599999999999909e+03	0.000000000000000000e+00	1.531821473324297633e+00	-2.419999999999999842e-03
2.171599999999999909e+03	0.000000000000000000e+00	1.531821416497836097e+00	-2.419999999999999842e-03
2.176599999999999909e+03	0.000000000000000000e+00	1.531821361291829220e+00	-2.419999999999999842e-03
2.181599999999999909e+03	0.000000000000000000e+00	1.531821307660068410e+00	-2.419999999999999842e-03
2.186599999999999909e+03	0.000000000000000000e+00	1.531821255557662464e+00	-2.419999999999999842e-03
2.191599999999999909e+03	0.000000000000000000e+00	1.531821204941000936e+00	-2.419999999999999842e-03
2.196599999999999909e+03	0.000000000000000000e+00	1.531821155767716380e+00	-2.419999999999999842e-03
2.201599999999999909e+03	0.000000000000000000e+00	1.531821107996649722e+00	-2.419999999999999842e-03
2.206599999999999909e+03	0.000000000000000000e+00	1.531821061587815391e+00	-2.419999999999999842e-03
2.211599999999999909e+03	0.000000000000000000e+00	1.531821016502368460e+00	-2.419999999999999842e-03
2.216599999999999909e+03	0.000000000000000000e+00	1.531820972702571115e+00	-2.419999999999999842e-03
2.221599999999999909e+03	0.000000000000000000e+00	1.531820930151762017e+00	-2.419999999999999842e-03
2.226599999999999909e+03	0.000000000000000000e+00	1.531820888814325432e+00	-2.419999999999999842e-03
2.231599999999999909e+03	0.000000000000000000e+00	1.531820848655660816e+00	-2.419999999999999842e-03
2.236599999999999909e+03	0.000000000000000000e+00	1.531820809642154613e+00	-2.419999999999999842e-03
2.241599999999999909e+03	0.000000000000000000e+00	1.531820771741151388e+00	-2.419999999999999842e-03
2.246599999999999909e+03	0.000000000000000000e+00	1.531820734920927407e+00	-2.419999999999999842e-03
2.251599999999999909e+03	0.000000000000000000e+00	1.531820699150663545e+00	-2.419999999999999842e-03
2.256599999999999909e+03	0.000000000000000000e+00	1.531820664400418863e+00	-2.419999999999999842e-03
2.261599999999999909e+03	0.000000000000000000e+00	1.531820630641106851e+00	-2.419999999999999842e-03
2.266599999999999909e+03	0.000000000000000000e+00	1.531820597844470333e+00	-2.419999999999999842e-03
2.271599999999999909e+03	0.000000000000000000e+00	1.531820565983057492e+00	-2.419999999999999842e-03
2.276599999999999909e+03	0.000000000000000000e+00	1.531820535030199881e+00	-2.419999999999999842e-03
2.281599999999999909e+03	0.000000000000000000e+00	1.531820504959989337e+00	-2.419999999999999842e-03
2.286599999999999909e+03	0.000000000000000000e+00	1.531820475747256216e+00	-2.419999999999999842e-03
2.291599999999999909e+03	0.000000000000000000e+00	1.531820447367548965e+00	-2.419999999999999842e-03
2.296599999999999909e+03	0.000000000000000000e+00	1.531820419797113031e+00	-2.419999999999999842e-03
2.301599999999999909e+03	0.000000000000000000e+00	1.531820393012871540e+00	-2.419999999999999842e-03
2.306599999999999909e+03	0.000000000000000000e+00	1.531820366992405313e+00	-2.419999999999999842e-03
2.311599999999999909e+03	0.000000000000000000e+00	1.531820341713934885e+00	-2.419999999999999842e-03
2.316599999999999909e+03	0.000000000000000000e+00	1.531820317156301181e+00	-2.419999999999999842e-03
2.321599999999999909e+03	0.000000000000000000e+00	1.531820293298949309e+00	-2.419999999999999842e-03
2.326599999999999909e+03	0.000000000000000000e+00	1.531820270121910132e+00	-2.419999999999999842e-03
2.331599999999999909e+03	0.000000000000000000e+00	1.531820247605783836e+00	-2.419999999999999842e-03
2.336599999999999909e+03	0.000000000000000000e+00	1.531820225731723939e+00	-2.419999999999999842e-03
2.341599999999999909e+03	0.000000000000000000e+00	1.531820204481421310e+00	-2.419999999999999842e-03
2.346599999999999909e+03	0.000000000000000000e+00	1.531820183837089067e+00	-2.419999999999999842e-03
2.351599999999999909e+03	0.000000000000000000e+00	1.531820163781447475e+00	-2.419999999999999842e-03
2.356599999999999909e+03	0.000000000000000000e+00	1.531820144297709518e+00	-2.419999999999999842e-03
2.361599999999999909e+03	0.000000000000000000e+00	1.531820125369566910e+00	-2.419999999999999842e-03
2.366599999999999909e+03	0.000000000000000000e+00	1.531820106981176322e+00	-2.419999999999999842e-03
2.371599999999999909e+03	0.000000000000000000e+00	1.531820089117146066e+00	-2.419999999999999842e-03
2.376599999999999909e+03	0.000000000000000000e+00	1.531820071762523883e+00	-2.419999999999999842e-03
2.381599999999999909e+03	0.000000000000000000e+00	1.531820054902783612e+00	-2.419999999999999842e-03
2.386599999999999909e+03	0.000000000000000000e+00	1.531820038523812988e+00	-2.419999999999999842e-03
2.391599999999999909e+03	0.000000000000000000e+00	1.531820022611902532e+00	-2.419999999999999842e-03
2.396599999999999909e+03	0.000000000000000000e+00	1.531820007153733565e+00	-2.419999999999999842e-03
2.401599999999999909e+03	0.000000000000000000e+00	1.531819992136367548e+00	-2.419999999999999842e-03
2.406599999999999909e+03	0.000000000000000000e+00	1.531819977547234535e+00	-2.419999999999999842e-03
2.411599999999999909e+03	0.000000000000000000e+00	1.531819963374122961e+00	-2.419999999999999842e-03
2.416599999999999909e+03	0.000000000000000000e+00	1.531819949605169429e+00	-2.419999999999999842e-03
2.421599999999999909e+03	0.000000000000000000e+00	1.531819936228849599e+00	-2.419999999999999842e-03
2.426599999999999909e+03	0.000000000000000000e+00	1.531819923233966652e+00	-2.419999999999999842e-03
2.431599999999999909e+03	0.000000000000000000e+00	1.531819910609643953e+00	-2.419999999999999842e-03
2.436599999999999909e+03	0.000000000000000000e+00	1.531819898345314401e+00	-2.419999999999999842e-03
2.441599999999999909e+03	0.000000000000000000e+00	1.531819886430712430e+00	-2.419999999999999842e-03
2.446599999999999909e+03	0.000000000000000000e+00	1.531819874855865793e+00	-2.419999999999999842e-03
2.451599999999999909e+03	0.000000000000000000e+00	1.531819863611085353e+00	-2.419999999999999842e-03
2.456599999999999909e+03	0.000000000000000000e+00	1.531819852686959527e+00	-2.419999999999999842e-03
2.461599999999999909e+03	0.000000000000000000e+00	1.531819842074344518e+00	-2.419999999999999842e-03
2.466599999999999909e+03	0.000000000000000000e+00	1.531819831764356987e+00	-2.419999999999999842e-03
2.471599999999999909e+03	0.000000000000000000e+00	1.531819821748367616e+00	-2.419999999999999842e-03
2.476599999999999909e+03	0.000000000000000000e+00	1.531819812017992666e+00	-2.419999999999999842e-03
2.481599999999999909e+03	0.000000000000000000e+00	1.531819802565087540e+00	-2.419999999999999842e-03
2.486599999999999909e+03	0.000000000000000000e+00	1.531819793381740125e+00	-2.419999999999999842e-03
2.491599999999999909e+03	0.000000000000000000e+00	1.531819784460263456e+00	-2.419999999999999842e-03
2.496599999999999909e+03	0.000000000000000000e+00	1.531819775793190397e+00	-2.419999999999999842e-03
2.501599999999999909e+03	0.000000000000000000e+00	1.531819767373266306e+00	-2.419999999999999842e-03
2.506599999999999909e+03	0.000000000000000000e+00	1.531819759193443264e+00	-2.419999999999999842e-03
2.511599999999999909e+03	0.000000000000000000e+00	1.531819751246874972e+00	-2.419999999999999842e-03
2.516599999999999909e+03	0.000000000000000000e+00	1.531819743526909861e+00	-2.419999999999999842e-03
2.521599999999999909e+03	0.000000000000000000e+00	1.531819736027085987e+00	-2.419999999999999842e-03
2.526599999999999909e+03	0.000000000000000000e+00	1.531819728741125930e+00	-2.419999999999999842e-03
2.531599999999999909e+03	0.000000000000000000e+00	1.531819721662931233e+00	-2.419999999999999842e-03
2.536599999999999909e+03	0.000000000000000000e+00	1.531819714786577302e+00	-2.419999999999999842e-03
2.541599999999999909e+03	0.000000000000000000e+00	1.531819708106308298e+00	-2.419999999999999842e-03
2.546599999999999909e+03	0.000000000000000000e+00	1.531819701616532914e+00	-2.419999999999999842e-03
2.551599999999999909e+03	0.000000000000000000e+00	1.531819695311819052e+00	-2.419999999999999842e-03
2.556599999999999909e+03	0.000000000000000000e+00	1.531819689186889377e+00	-2.419999999999999842e-03
2.561599999999999909e+03	0.000000000000000000e+00	1.531819683236617102e+00	-2.419999999999999842e-03
2.566599999999999909e+03	0.000000000000000000e+00	1.531819677456022211e+00	-2.419999999999999842e-03
2.571599999999999909e+03	0.000000000000000000e+00	1.531819671840265684e+00	-2.419999999999999842e-03
2.576599999999999909e+03	0.000000000000000000e+00	1.531819666384647061e+00	-2.419999999999999842e-03
2.581599999999999909e+03	0.000000000000000000e+00	1.531819661084600215e+00	-2.419999999999999842e-03
2.586599999999999909e+03	0.000000000000000000e+00	1.531819655935688695e+00	-2.419999999999999842e-03
2.591599999999999909e+03	0.000000000000000000e+00	1.531819650933602617e+00	-2.419999999999999842e-03
2.596599999999999909e+03	0.000000000000000000e+00	1.531819646074155550e+00	-2.419999999999999842e-03
