3.008999999999999773e+02	0.000000000000000000e+00	2.036000000000000032e+00	-3.074000000000000066e-01
3.016999999999999886e+02	0.000000000000000000e+00	2.036999999999999922e+00	-3.070999999999999841e-01
3.023999999999999773e+02	0.000000000000000000e+00	2.037999999999999812e+00	-3.066999999999999726e-01
3.031000000000000227e+02	0.000000000000000000e+00	2.039000000000000146e+00	-3.064000000000000057e-01
3.038999999999999773e+02	0.000000000000000000e+00	2.039000000000000146e+00	-3.060999999999999832e-01
3.046000000000000227e+02	0.000000000000000000e+00	2.040000000000000036e+00	-3.057000000000000273e-01
3.053999999999999773e+02	0.000000000000000000e+00	2.040999999999999925e+00	-3.054000000000000048e-01
3.061000000000000227e+02	0.000000000000000000e+00	2.041999999999999815e+00	-3.049999999999999933e-01
3.068999999999999773e+02	0.000000000000000000e+00	2.043000000000000149e+00	-3.045999999999999819e-01
3.076999999999999886e+02	0.000000000000000000e+00	2.043000000000000149e+00	-3.043000000000000149e-01
3.083999999999999773e+02	0.000000000000000000e+00	2.044000000000000039e+00	-3.039000000000000035e-01
3.091999999999999886e+02	0.000000000000000000e+00	2.044999999999999929e+00	-3.034999999999999920e-01
3.100000000000000000e+02	0.000000000000000000e+00	2.045999999999999819e+00	-3.030999999999999805e-01
3.106999999999999886e+02	0.000000000000000000e+00	2.045999999999999819e+00	-3.027000000000000246e-01
3.115000000000000000e+02	0.000000000000000000e+00	2.047000000000000153e+00	-3.023000000000000131e-01
3.123000000000000114e+02	0.000000000000000000e+00	2.048000000000000043e+00	-3.019000000000000017e-01
3.131000000000000227e+02	0.000000000000000000e+00	2.048999999999999932e+00	-3.014999999999999902e-01
3.138999999999999773e+02	0.000000000000000000e+00	2.049999999999999822e+00	-3.010999999999999788e-01
3.146999999999999886e+02	0.000000000000000000e+00	2.049999999999999822e+00	-3.005999999999999783e-01
3.155000000000000000e+02	0.000000000000000000e+00	2.051000000000000156e+00	-3.002000000000000224e-01
3.163000000000000114e+02	0.000000000000000000e+00	2.052000000000000046e+00	-2.998000000000000109e-01
3.171000000000000227e+02	0.000000000000000000e+00	2.052999999999999936e+00	-2.993000000000000105e-01
3.178999999999999773e+02	0.000000000000000000e+00	2.053999999999999826e+00	-2.988999999999999990e-01
3.186999999999999886e+02	0.000000000000000000e+00	2.053999999999999826e+00	-2.983999999999999986e-01
3.195000000000000000e+02	0.000000000000000000e+00	2.055000000000000160e+00	-2.978999999999999981e-01
3.203999999999999773e+02	0.000000000000000000e+00	2.056000000000000050e+00	-2.974999999999999867e-01
3.211999999999999886e+02	0.000000000000000000e+00	2.056999999999999940e+00	-2.969999999999999862e-01
3.220000000000000000e+02	0.000000000000000000e+00	2.057999999999999829e+00	-2.964999999999999858e-01
3.228999999999999773e+02	0.000000000000000000e+00	2.057999999999999829e+00	-2.959999999999999853e-01
3.236999999999999886e+02	0.000000000000000000e+00	2.059000000000000163e+00	-2.954999999999999849e-01
3.246000000000000227e+02	0.000000000000000000e+00	2.060000000000000053e+00	-2.949999999999999845e-01
3.253999999999999773e+02	0.000000000000000000e+00	2.060999999999999943e+00	-2.944999999999999840e-01
3.263000000000000114e+02	0.000000000000000000e+00	2.061999999999999833e+00	-2.938999999999999946e-01
3.271000000000000227e+02	0.000000000000000000e+00	2.063000000000000167e+00	-2.933999999999999941e-01
3.280000000000000000e+02	0.000000000000000000e+00	2.063000000000000167e+00	-2.928999999999999937e-01
3.288999999999999773e+02	0.000000000000000000e+00	2.064000000000000057e+00	-2.923000000000000043e-01
3.296999999999999886e+02	0.000000000000000000e+00	2.064999999999999947e+00	-2.917000000000000148e-01
3.306000000000000227e+02	0.000000000000000000e+00	2.065999999999999837e+00	-2.912000000000000144e-01
3.315000000000000000e+02	0.000000000000000000e+00	2.067000000000000171e+00	-2.906000000000000250e-01
3.323999999999999773e+02	0.000000000000000000e+00	2.067000000000000171e+00	-2.899999999999999800e-01
3.333000000000000114e+02	0.000000000000000000e+00	2.068000000000000060e+00	-2.893999999999999906e-01
3.341999999999999886e+02	0.000000000000000000e+00	2.068999999999999950e+00	-2.888999999999999901e-01
3.351000000000000227e+02	0.000000000000000000e+00	2.069999999999999840e+00	-2.882000000000000117e-01
3.360000000000000000e+02	0.000000000000000000e+00	2.071000000000000174e+00	-2.876000000000000223e-01
3.368999999999999773e+02	0.000000000000000000e+00	2.071000000000000174e+00	-2.869999999999999774e-01
3.378000000000000114e+02	0.000000000000000000e+00	2.072000000000000064e+00	-2.863999999999999879e-01
3.388000000000000114e+02	0.000000000000000000e+00	2.072999999999999954e+00	-2.857999999999999985e-01
3.396999999999999886e+02	0.000000000000000000e+00	2.073999999999999844e+00	-2.851000000000000201e-01
3.406000000000000227e+02	0.000000000000000000e+00	2.075000000000000178e+00	-2.844999999999999751e-01
3.416000000000000227e+02	0.000000000000000000e+00	2.076000000000000068e+00	-2.837999999999999967e-01
3.425000000000000000e+02	0.000000000000000000e+00	2.076000000000000068e+00	-2.831000000000000183e-01
3.433999999999999773e+02	0.000000000000000000e+00	2.076999999999999957e+00	-2.824999999999999734e-01
3.443999999999999773e+02	0.000000000000000000e+00	2.077999999999999847e+00	-2.817999999999999949e-01
3.453999999999999773e+02	0.000000000000000000e+00	2.079000000000000181e+00	-2.811000000000000165e-01
3.463000000000000114e+02	0.000000000000000000e+00	2.080000000000000071e+00	-2.803999999999999826e-01
3.473000000000000114e+02	0.000000000000000000e+00	2.080000000000000071e+00	-2.797000000000000042e-01
3.483000000000000114e+02	0.000000000000000000e+00	2.080999999999999961e+00	-2.788999999999999813e-01
3.493000000000000114e+02	0.000000000000000000e+00	2.081999999999999851e+00	-2.782000000000000028e-01
3.501999999999999886e+02	0.000000000000000000e+00	2.083000000000000185e+00	-2.775000000000000244e-01
3.511999999999999886e+02	0.000000000000000000e+00	2.084000000000000075e+00	-2.767000000000000015e-01
3.521999999999999886e+02	0.000000000000000000e+00	2.084000000000000075e+00	-2.760000000000000231e-01
3.531999999999999886e+02	0.000000000000000000e+00	2.084999999999999964e+00	-2.752000000000000002e-01
3.541999999999999886e+02	0.000000000000000000e+00	2.085999999999999854e+00	-2.743999999999999773e-01
3.553000000000000114e+02	0.000000000000000000e+00	2.087000000000000188e+00	-2.736999999999999988e-01
3.563000000000000114e+02	0.000000000000000000e+00	2.088000000000000078e+00	-2.728999999999999759e-01
3.573000000000000114e+02	0.000000000000000000e+00	2.088000000000000078e+00	-2.721000000000000085e-01
3.583000000000000114e+02	0.000000000000000000e+00	2.088999999999999968e+00	-2.712999999999999856e-01
3.593999999999999773e+02	0.000000000000000000e+00	2.089999999999999858e+00	-2.703999999999999737e-01
3.603999999999999773e+02	0.000000000000000000e+00	2.091000000000000192e+00	-2.696000000000000063e-01
3.615000000000000000e+02	0.000000000000000000e+00	2.092000000000000082e+00	-2.687999999999999834e-01
3.625000000000000000e+02	0.000000000000000000e+00	2.092000000000000082e+00	-2.679000000000000270e-01
3.636000000000000227e+02	0.000000000000000000e+00	2.092999999999999972e+00	-2.671000000000000041e-01
3.646999999999999886e+02	0.000000000000000000e+00	2.093999999999999861e+00	-2.661999999999999922e-01
3.656999999999999886e+02	0.000000000000000000e+00	2.095000000000000195e+00	-2.652999999999999803e-01
3.668000000000000114e+02	0.000000000000000000e+00	2.095000000000000195e+00	-2.644000000000000239e-01
3.678999999999999773e+02	0.000000000000000000e+00	2.096000000000000085e+00	-2.636000000000000010e-01
3.690000000000000000e+02	0.000000000000000000e+00	2.096999999999999975e+00	-2.626999999999999891e-01
3.701000000000000227e+02	0.000000000000000000e+00	2.097999999999999865e+00	-2.616999999999999882e-01
3.711999999999999886e+02	0.000000000000000000e+00	2.097999999999999865e+00	-2.607999999999999763e-01
3.723000000000000114e+02	0.000000000000000000e+00	2.099000000000000199e+00	-2.599000000000000199e-01
3.733999999999999773e+02	0.000000000000000000e+00	2.100000000000000089e+00	-2.589000000000000190e-01
3.746000000000000227e+02	0.000000000000000000e+00	2.100999999999999979e+00	-2.580000000000000071e-01
3.756999999999999886e+02	0.000000000000000000e+00	2.100999999999999979e+00	-2.570000000000000062e-01
3.768999999999999773e+02	0.000000000000000000e+00	2.101999999999999869e+00	-2.560999999999999943e-01
3.780000000000000000e+02	0.000000000000000000e+00	2.103000000000000203e+00	-2.550999999999999934e-01
3.791999999999999886e+02	0.000000000000000000e+00	2.104000000000000092e+00	-2.540999999999999925e-01
3.803000000000000114e+02	0.000000000000000000e+00	2.104000000000000092e+00	-2.530999999999999917e-01
3.815000000000000000e+02	0.000000000000000000e+00	2.104999999999999982e+00	-2.520999999999999908e-01
3.826999999999999886e+02	0.000000000000000000e+00	2.105999999999999872e+00	-2.510999999999999899e-01
3.838999999999999773e+02	0.000000000000000000e+00	2.105999999999999872e+00	-2.500999999999999890e-01
3.850000000000000000e+02	0.000000000000000000e+00	2.107000000000000206e+00	-2.489999999999999991e-01
3.861999999999999886e+02	0.000000000000000000e+00	2.108000000000000096e+00	-2.479999999999999982e-01
3.875000000000000000e+02	0.000000000000000000e+00	2.108999999999999986e+00	-2.469000000000000083e-01
3.886999999999999886e+02	0.000000000000000000e+00	2.108999999999999986e+00	-2.459000000000000075e-01
3.898999999999999773e+02	0.000000000000000000e+00	2.109999999999999876e+00	-2.447999999999999898e-01
3.911000000000000227e+02	0.000000000000000000e+00	2.111000000000000210e+00	-2.437000000000000000e-01
3.923999999999999773e+02	0.000000000000000000e+00	2.111000000000000210e+00	-2.426000000000000101e-01
3.936000000000000227e+02	0.000000000000000000e+00	2.112000000000000099e+00	-2.414999999999999925e-01
3.948999999999999773e+02	0.000000000000000000e+00	2.112999999999999989e+00	-2.404000000000000026e-01
3.961000000000000227e+02	0.000000000000000000e+00	2.112999999999999989e+00	-2.393000000000000127e-01
3.973999999999999773e+02	0.000000000000000000e+00	2.113999999999999879e+00	-2.381999999999999951e-01
3.986999999999999886e+02	0.000000000000000000e+00	2.113999999999999879e+00	-2.369999999999999885e-01
4.000000000000000000e+02	0.000000000000000000e+00	2.115000000000000213e+00	-2.358999999999999986e-01
4.011999999999999886e+02	0.000000000000000000e+00	2.116000000000000103e+00	-2.346999999999999920e-01
4.025000000000000000e+02	0.000000000000000000e+00	2.116000000000000103e+00	-2.335000000000000131e-01
4.038999999999999773e+02	0.000000000000000000e+00	2.116999999999999993e+00	-2.323999999999999955e-01
4.051999999999999886e+02	0.000000000000000000e+00	2.117999999999999883e+00	-2.311999999999999889e-01
4.065000000000000000e+02	0.000000000000000000e+00	2.117999999999999883e+00	-2.300000000000000100e-01
4.078000000000000114e+02	0.000000000000000000e+00	2.119000000000000217e+00	-2.288000000000000034e-01
4.091999999999999886e+02	0.000000000000000000e+00	2.119000000000000217e+00	-2.275999999999999968e-01
4.105000000000000000e+02	0.000000000000000000e+00	2.120000000000000107e+00	-2.263999999999999901e-01
4.118999999999999773e+02	0.000000000000000000e+00	2.120000000000000107e+00	-2.250999999999999945e-01
4.133000000000000114e+02	0.000000000000000000e+00	2.120999999999999996e+00	-2.238999999999999879e-01
4.146999999999999886e+02	0.000000000000000000e+00	2.120999999999999996e+00	-2.225999999999999923e-01
4.161000000000000227e+02	0.000000000000000000e+00	2.121999999999999886e+00	-2.214000000000000135e-01
4.175000000000000000e+02	0.000000000000000000e+00	2.123000000000000220e+00	-2.200999999999999901e-01
4.188999999999999773e+02	0.000000000000000000e+00	2.123000000000000220e+00	-2.187999999999999945e-01
4.203000000000000114e+02	0.000000000000000000e+00	2.124000000000000110e+00	-2.175999999999999879e-01
4.216999999999999886e+02	0.000000000000000000e+00	2.124000000000000110e+00	-2.162999999999999923e-01
4.231999999999999886e+02	0.000000000000000000e+00	2.124000000000000110e+00	-2.149999999999999967e-01
4.246000000000000227e+02	0.000000000000000000e+00	2.125000000000000000e+00	-2.137000000000000011e-01
4.261000000000000227e+02	0.000000000000000000e+00	2.125000000000000000e+00	-2.124000000000000055e-01
4.275000000000000000e+02	0.000000000000000000e+00	2.125999999999999890e+00	-2.109999999999999931e-01
4.290000000000000000e+02	0.000000000000000000e+00	2.125999999999999890e+00	-2.096999999999999975e-01
4.305000000000000000e+02	0.000000000000000000e+00	2.126999999999999780e+00	-2.084000000000000019e-01
4.320000000000000000e+02	0.000000000000000000e+00	2.126999999999999780e+00	-2.069999999999999896e-01
4.335000000000000000e+02	0.000000000000000000e+00	2.128000000000000114e+00	-2.056999999999999940e-01
4.350000000000000000e+02	0.000000000000000000e+00	2.128000000000000114e+00	-2.043000000000000094e-01
4.366000000000000227e+02	0.000000000000000000e+00	2.128000000000000114e+00	-2.028999999999999970e-01
4.381000000000000227e+02	0.000000000000000000e+00	2.129000000000000004e+00	-2.016000000000000014e-01
4.396999999999999886e+02	0.000000000000000000e+00	2.129000000000000004e+00	-2.001999999999999891e-01
4.411999999999999886e+02	0.000000000000000000e+00	2.129000000000000004e+00	-1.988000000000000045e-01
4.428000000000000114e+02	0.000000000000000000e+00	2.129999999999999893e+00	-1.973999999999999921e-01
4.443999999999999773e+02	0.000000000000000000e+00	2.129999999999999893e+00	-1.960000000000000075e-01
4.460000000000000000e+02	0.000000000000000000e+00	2.129999999999999893e+00	-1.945999999999999952e-01
4.476000000000000227e+02	0.000000000000000000e+00	2.130999999999999783e+00	-1.932000000000000106e-01
4.491999999999999886e+02	0.000000000000000000e+00	2.130999999999999783e+00	-1.917000000000000093e-01
4.508999999999999773e+02	0.000000000000000000e+00	2.130999999999999783e+00	-1.902999999999999969e-01
4.525000000000000000e+02	0.000000000000000000e+00	2.132000000000000117e+00	-1.889000000000000123e-01
4.541999999999999886e+02	0.000000000000000000e+00	2.132000000000000117e+00	-1.874000000000000110e-01
4.558000000000000114e+02	0.000000000000000000e+00	2.132000000000000117e+00	-1.859999999999999987e-01
4.575000000000000000e+02	0.000000000000000000e+00	2.132000000000000117e+00	-1.844999999999999973e-01
4.591999999999999886e+02	0.000000000000000000e+00	2.133000000000000007e+00	-1.831000000000000127e-01
4.608999999999999773e+02	0.000000000000000000e+00	2.133000000000000007e+00	-1.816000000000000114e-01
4.626000000000000227e+02	0.000000000000000000e+00	2.133000000000000007e+00	-1.801999999999999991e-01
4.643999999999999773e+02	0.000000000000000000e+00	2.133000000000000007e+00	-1.786999999999999977e-01
4.661000000000000227e+02	0.000000000000000000e+00	2.133000000000000007e+00	-1.771999999999999964e-01
4.678999999999999773e+02	0.000000000000000000e+00	2.133000000000000007e+00	-1.756999999999999951e-01
4.696000000000000227e+02	0.000000000000000000e+00	2.133999999999999897e+00	-1.741999999999999937e-01
4.713999999999999773e+02	0.000000000000000000e+00	2.133999999999999897e+00	-1.726999999999999924e-01
4.731999999999999886e+02	0.000000000000000000e+00	2.133999999999999897e+00	-1.713000000000000078e-01
4.750000000000000000e+02	0.000000000000000000e+00	2.133999999999999897e+00	-1.698000000000000065e-01
4.768999999999999773e+02	0.000000000000000000e+00	2.133999999999999897e+00	-1.683000000000000052e-01
4.786999999999999886e+02	0.000000000000000000e+00	2.133999999999999897e+00	-1.666999999999999871e-01
4.806000000000000227e+02	0.000000000000000000e+00	2.133999999999999897e+00	-1.652000000000000135e-01
4.823999999999999773e+02	0.000000000000000000e+00	2.133999999999999897e+00	-1.637000000000000122e-01
4.843000000000000114e+02	0.000000000000000000e+00	2.133999999999999897e+00	-1.622000000000000108e-01
4.861999999999999886e+02	0.000000000000000000e+00	2.133999999999999897e+00	-1.607000000000000095e-01
4.881000000000000227e+02	0.000000000000000000e+00	2.133999999999999897e+00	-1.592000000000000082e-01
4.901000000000000227e+02	0.000000000000000000e+00	2.133999999999999897e+00	-1.575999999999999901e-01
4.920000000000000000e+02	0.000000000000000000e+00	2.133999999999999897e+00	-1.560999999999999888e-01
4.940000000000000000e+02	0.000000000000000000e+00	2.133999999999999897e+00	-1.545999999999999874e-01
4.958999999999999773e+02	0.000000000000000000e+00	2.133999999999999897e+00	-1.531000000000000139e-01
4.978999999999999773e+02	0.000000000000000000e+00	2.133999999999999897e+00	-1.514999999999999958e-01
4.998999999999999773e+02	0.000000000000000000e+00	2.133999999999999897e+00	-1.499999999999999944e-01
5.020000000000000000e+02	0.000000000000000000e+00	2.133999999999999897e+00	-1.484999999999999931e-01
5.040000000000000000e+02	0.000000000000000000e+00	2.133999999999999897e+00	-1.469000000000000028e-01
5.061000000000000227e+02	0.000000000000000000e+00	2.133999999999999897e+00	-1.454000000000000015e-01
5.081000000000000227e+02	0.000000000000000000e+00	2.133000000000000007e+00	-1.439000000000000001e-01
5.101999999999999886e+02	0.000000000000000000e+00	2.133000000000000007e+00	-1.423000000000000098e-01
5.122999999999999545e+02	0.000000000000000000e+00	2.133000000000000007e+00	-1.408000000000000085e-01
5.145000000000000000e+02	0.000000000000000000e+00	2.133000000000000007e+00	-1.393000000000000071e-01
5.166000000000000227e+02	0.000000000000000000e+00	2.133000000000000007e+00	-1.376999999999999891e-01
5.187999999999999545e+02	0.000000000000000000e+00	2.132000000000000117e+00	-1.361999999999999877e-01
5.208999999999999773e+02	0.000000000000000000e+00	2.132000000000000117e+00	-1.346999999999999864e-01
5.231000000000000227e+02	0.000000000000000000e+00	2.132000000000000117e+00	-1.330999999999999961e-01
5.253999999999999773e+02	0.000000000000000000e+00	2.132000000000000117e+00	-1.315999999999999948e-01
5.276000000000000227e+02	0.000000000000000000e+00	2.130999999999999783e+00	-1.300999999999999934e-01
5.298999999999999773e+02	0.000000000000000000e+00	2.130999999999999783e+00	-1.285000000000000031e-01
5.321000000000000227e+02	0.000000000000000000e+00	2.130999999999999783e+00	-1.270000000000000018e-01
5.343999999999999773e+02	0.000000000000000000e+00	2.129999999999999893e+00	-1.255000000000000004e-01
5.367000000000000455e+02	0.000000000000000000e+00	2.129999999999999893e+00	-1.239999999999999991e-01
5.391000000000000227e+02	0.000000000000000000e+00	2.129999999999999893e+00	-1.223999999999999949e-01
5.413999999999999773e+02	0.000000000000000000e+00	2.129000000000000004e+00	-1.208999999999999936e-01
5.437999999999999545e+02	0.000000000000000000e+00	2.129000000000000004e+00	-1.194000000000000061e-01
5.462000000000000455e+02	0.000000000000000000e+00	2.129000000000000004e+00	-1.179000000000000048e-01
5.486000000000000227e+02	0.000000000000000000e+00	2.128000000000000114e+00	-1.164000000000000035e-01
5.510000000000000000e+02	0.000000000000000000e+00	2.128000000000000114e+00	-1.149000000000000021e-01
5.535000000000000000e+02	0.000000000000000000e+00	2.126999999999999780e+00	-1.134000000000000008e-01
5.560000000000000000e+02	0.000000000000000000e+00	2.126999999999999780e+00	-1.118999999999999995e-01
5.585000000000000000e+02	0.000000000000000000e+00	2.125999999999999890e+00	-1.103999999999999981e-01
5.610000000000000000e+02	0.000000000000000000e+00	2.125999999999999890e+00	-1.088999999999999968e-01
5.636000000000000227e+02	0.000000000000000000e+00	2.125000000000000000e+00	-1.074999999999999983e-01
5.661000000000000227e+02	0.000000000000000000e+00	2.125000000000000000e+00	-1.059999999999999970e-01
5.687000000000000455e+02	0.000000000000000000e+00	2.124000000000000110e+00	-1.044999999999999957e-01
5.713999999999999773e+02	0.000000000000000000e+00	2.124000000000000110e+00	-1.029999999999999943e-01
5.740000000000000000e+02	0.000000000000000000e+00	2.123000000000000220e+00	-1.015999999999999959e-01
5.767000000000000455e+02	0.000000000000000000e+00	2.123000000000000220e+00	-1.000999999999999945e-01
5.793999999999999773e+02	0.000000000000000000e+00	2.121999999999999886e+00	-9.869999999999999607e-02
5.821000000000000227e+02	0.000000000000000000e+00	2.120999999999999996e+00	-9.719999999999999474e-02
5.847999999999999545e+02	0.000000000000000000e+00	2.120999999999999996e+00	-9.579999999999999627e-02
5.876000000000000227e+02	0.000000000000000000e+00	2.120000000000000107e+00	-9.439999999999999780e-02
5.903999999999999773e+02	0.000000000000000000e+00	2.120000000000000107e+00	-9.299999999999999933e-02
5.932000000000000455e+02	0.000000000000000000e+00	2.119000000000000217e+00	-9.149999999999999800e-02
5.961000000000000227e+02	0.000000000000000000e+00	2.117999999999999883e+00	-9.009999999999999953e-02
5.990000000000000000e+02	0.000000000000000000e+00	2.117999999999999883e+00	-8.870000000000000107e-02
6.018999999999999773e+02	0.000000000000000000e+00	2.116999999999999993e+00	-8.730000000000000260e-02
6.047999999999999545e+02	0.000000000000000000e+00	2.116000000000000103e+00	-8.599999999999999312e-02
6.077999999999999545e+02	0.000000000000000000e+00	2.115000000000000213e+00	-8.459999999999999465e-02
6.107999999999999545e+02	0.000000000000000000e+00	2.115000000000000213e+00	-8.319999999999999618e-02
6.137999999999999545e+02	0.000000000000000000e+00	2.113999999999999879e+00	-8.190000000000000058e-02
6.167999999999999545e+02	0.000000000000000000e+00	2.112999999999999989e+00	-8.050000000000000211e-02
6.198999999999999773e+02	0.000000000000000000e+00	2.112000000000000099e+00	-7.920000000000000651e-02
6.230000000000000000e+02	0.000000000000000000e+00	2.112000000000000099e+00	-7.779999999999999416e-02
6.262000000000000455e+02	0.000000000000000000e+00	2.111000000000000210e+00	-7.649999999999999856e-02
6.293999999999999773e+02	0.000000000000000000e+00	2.109999999999999876e+00	-7.520000000000000295e-02
6.326000000000000227e+02	0.000000000000000000e+00	2.108999999999999986e+00	-7.389999999999999347e-02
6.357999999999999545e+02	0.000000000000000000e+00	2.108000000000000096e+00	-7.259999999999999787e-02
6.391000000000000227e+02	0.000000000000000000e+00	2.107000000000000206e+00	-7.130000000000000226e-02
6.423999999999999773e+02	0.000000000000000000e+00	2.107000000000000206e+00	-7.000000000000000666e-02
6.457999999999999545e+02	0.000000000000000000e+00	2.105999999999999872e+00	-6.880000000000000004e-02
6.491000000000000227e+02	0.000000000000000000e+00	2.104999999999999982e+00	-6.750000000000000444e-02
6.526000000000000227e+02	0.000000000000000000e+00	2.104000000000000092e+00	-6.629999999999999782e-02
6.560000000000000000e+02	0.000000000000000000e+00	2.103000000000000203e+00	-6.500000000000000222e-02
6.595000000000000000e+02	0.000000000000000000e+00	2.101999999999999869e+00	-6.379999999999999560e-02
6.630000000000000000e+02	0.000000000000000000e+00	2.100999999999999979e+00	-6.260000000000000286e-02
6.666000000000000227e+02	0.000000000000000000e+00	2.100000000000000089e+00	-6.140000000000000319e-02
6.702000000000000455e+02	0.000000000000000000e+00	2.099000000000000199e+00	-6.019999999999999657e-02
6.737999999999999545e+02	0.000000000000000000e+00	2.097999999999999865e+00	-5.899999999999999689e-02
6.775000000000000000e+02	0.000000000000000000e+00	2.096999999999999975e+00	-5.779999999999999721e-02
6.812000000000000455e+02	0.000000000000000000e+00	2.096000000000000085e+00	-5.670000000000000040e-02
6.850000000000000000e+02	0.000000000000000000e+00	2.095000000000000195e+00	-5.550000000000000072e-02
6.887999999999999545e+02	0.000000000000000000e+00	2.093999999999999861e+00	-5.439999999999999697e-02
6.927000000000000455e+02	0.000000000000000000e+00	2.092999999999999972e+00	-5.319999999999999729e-02
6.965000000000000000e+02	0.000000000000000000e+00	2.092000000000000082e+00	-5.210000000000000048e-02
7.005000000000000000e+02	0.000000000000000000e+00	2.091000000000000192e+00	-5.099999999999999672e-02
7.045000000000000000e+02	0.000000000000000000e+00	2.089999999999999858e+00	-4.989999999999999991e-02
7.085000000000000000e+02	0.000000000000000000e+00	2.088999999999999968e+00	-4.889999999999999902e-02
7.126000000000000227e+02	0.000000000000000000e+00	2.088000000000000078e+00	-4.780000000000000221e-02
7.167000000000000455e+02	0.000000000000000000e+00	2.087000000000000188e+00	-4.669999999999999846e-02
7.207999999999999545e+02	0.000000000000000000e+00	2.085999999999999854e+00	-4.569999999999999757e-02
7.251000000000000227e+02	0.000000000000000000e+00	2.084999999999999964e+00	-4.460000000000000075e-02
7.292999999999999545e+02	0.000000000000000000e+00	2.084000000000000075e+00	-4.359999999999999987e-02
7.336000000000000227e+02	0.000000000000000000e+00	2.083000000000000185e+00	-4.259999999999999898e-02
7.380000000000000000e+02	0.000000000000000000e+00	2.081999999999999851e+00	-4.159999999999999809e-02
7.423999999999999773e+02	0.000000000000000000e+00	2.080999999999999961e+00	-4.059999999999999720e-02
7.468999999999999773e+02	0.000000000000000000e+00	2.080000000000000071e+00	-3.969999999999999918e-02
7.513999999999999773e+02	0.000000000000000000e+00	2.079000000000000181e+00	-3.869999999999999829e-02
7.560000000000000000e+02	0.000000000000000000e+00	2.076999999999999957e+00	-3.780000000000000027e-02
7.606000000000000227e+02	0.000000000000000000e+00	2.076000000000000068e+00	-3.679999999999999938e-02
7.652999999999999545e+02	0.000000000000000000e+00	2.075000000000000178e+00	-3.590000000000000135e-02
7.701000000000000227e+02	0.000000000000000000e+00	2.073999999999999844e+00	-3.500000000000000333e-02
7.748999999999999773e+02	0.000000000000000000e+00	2.072999999999999954e+00	-3.409999999999999837e-02
7.797999999999999545e+02	0.000000000000000000e+00	2.072000000000000064e+00	-3.320000000000000034e-02
7.847000000000000455e+02	0.000000000000000000e+00	2.071000000000000174e+00	-3.239999999999999825e-02
7.897000000000000455e+02	0.000000000000000000e+00	2.069999999999999840e+00	-3.150000000000000022e-02
7.947999999999999545e+02	0.000000000000000000e+00	2.068000000000000060e+00	-3.059999999999999873e-02
7.998999999999999773e+02	0.000000000000000000e+00	2.067000000000000171e+00	-2.980000000000000010e-02
8.051000000000000227e+02	0.000000000000000000e+00	2.065999999999999837e+00	-2.900000000000000147e-02
8.103999999999999773e+02	0.000000000000000000e+00	2.064999999999999947e+00	-2.819999999999999937e-02
8.157000000000000455e+02	0.000000000000000000e+00	2.064000000000000057e+00	-2.740000000000000074e-02
8.211000000000000227e+02	0.000000000000000000e+00	2.063000000000000167e+00	-2.659999999999999865e-02
8.266000000000000227e+02	0.000000000000000000e+00	2.060999999999999943e+00	-2.580000000000000002e-02
8.266000000000000227e+02	0.000000000000000000e+00	2.061451998203833291e+00	-2.575133380354623427e-02
8.316000000000000227e+02	0.000000000000000000e+00	2.060403003788095155e+00	-2.506199943202278707e-02
8.366000000000000227e+02	0.000000000000000000e+00	2.059364885783959931e+00	-2.439115486536459071e-02
8.416000000000000227e+02	0.000000000000000000e+00	2.058337531420255662e+00	-2.373830415719485609e-02
8.466000000000000227e+02	0.000000000000000000e+00	2.057320829095069747e+00	-2.310296466375465554e-02
8.516000000000000227e+02	0.000000000000000000e+00	2.056314668363623532e+00	-2.248466668709090191e-02
8.566000000000000227e+02	0.000000000000000000e+00	2.055318939926276567e+00	-2.188295312781493585e-02
8.616000000000000227e+02	0.000000000000000000e+00	2.054333535616652995e+00	-2.129737914717509673e-02
8.666000000000000227e+02	0.000000000000000000e+00	2.053358348389890953e+00	-2.072751183819339718e-02
8.716000000000000227e+02	0.000000000000000000e+00	2.052393272311013650e+00	-2.017292990562326305e-02
8.766000000000000227e+02	0.000000000000000000e+00	2.051438202543423017e+00	-1.963322335449153161e-02
8.816000000000000227e+02	0.000000000000000000e+00	2.050493035337510594e+00	-1.910799318699474281e-02
8.866000000000000227e+02	0.000000000000000000e+00	2.049557668019386103e+00	-1.859685110752538548e-02
8.916000000000000227e+02	0.000000000000000000e+00	2.048631998979726809e+00	-1.809941923561019655e-02
8.966000000000000227e+02	0.000000000000000000e+00	2.047715927662735691e+00	-1.761532982654818308e-02
9.016000000000000227e+02	0.000000000000000000e+00	2.046809354555222171e+00	-1.714422499954191062e-02
9.066000000000000227e+02	0.000000000000000000e+00	2.045912181175788547e+00	-1.668575647312104532e-02
9.116000000000000227e+02	0.000000000000000000e+00	2.045024310064133655e+00	-1.623958530766253516e-02
9.166000000000000227e+02	0.000000000000000000e+00	2.044145644770465342e+00	-1.580538165481709320e-02
9.216000000000000227e+02	0.000000000000000000e+00	2.043276089845023957e+00	-1.538282451365675582e-02
9.266000000000000227e+02	0.000000000000000000e+00	2.042415550827711979e+00	-1.497160149336319857e-02
9.316000000000000227e+02	0.000000000000000000e+00	2.041563934237832889e+00	-1.457140858228140635e-02
9.366000000000000227e+02	0.000000000000000000e+00	2.040721147563938853e+00	-1.418194992316793718e-02
9.416000000000000227e+02	0.000000000000000000e+00	2.039887099253777425e+00	-1.380293759446763954e-02
9.466000000000000227e+02	0.000000000000000000e+00	2.039061698704349723e+00	-1.343409139745711453e-02
9.516000000000000227e+02	0.000000000000000000e+00	2.038244856252064974e+00	-1.307513864909755352e-02
9.566000000000000227e+02	0.000000000000000000e+00	2.037436483163003409e+00	-1.272581398044385012e-02
9.616000000000000227e+02	0.000000000000000000e+00	2.036636491623274203e+00	-1.238585914046088504e-02
9.666000000000000227e+02	0.000000000000000000e+00	2.035844794729478657e+00	-1.205502280510201314e-02
9.716000000000000227e+02	0.000000000000000000e+00	2.035061306479268417e+00	-1.173306039150856517e-02
9.766000000000000227e+02	0.000000000000000000e+00	2.034285941762002725e+00	-1.141973387719304525e-02
9.816000000000000227e+02	0.000000000000000000e+00	2.033518616349504260e+00	-1.111481162407227698e-02
9.866000000000000227e+02	0.000000000000000000e+00	2.032759246886908677e+00	-1.081806820722049610e-02
9.916000000000000227e+02	0.000000000000000000e+00	2.032007750883608299e+00	-1.052928424821572735e-02
9.966000000000000227e+02	0.000000000000000000e+00	2.031264046704294390e+00	-1.024824625295626089e-02
1.001600000000000023e+03	0.000000000000000000e+00	2.030528053560085144e+00	-9.974746453827338169e-03
1.006600000000000023e+03	0.000000000000000000e+00	2.029799691499753589e+00	-9.708582656101338512e-03
1.011600000000000023e+03	0.000000000000000000e+00	2.029078881401038537e+00	-9.449558088457937419e-03
1.016600000000000023e+03	0.000000000000000000e+00	2.028365544962052791e+00	-9.197481257513703476e-03
1.021600000000000023e+03	0.000000000000000000e+00	2.027659604692775286e+00	-8.952165806253624403e-03
1.026599999999999909e+03	0.000000000000000000e+00	2.026960983906633817e+00	-8.713430376259868188e-03
1.031599999999999909e+03	0.000000000000000000e+00	2.026269606712173932e+00	-8.481098473635928503e-03
1.036599999999999909e+03	0.000000000000000000e+00	2.025585398004816629e+00	-8.254998338527070462e-03
1.041599999999999909e+03	0.000000000000000000e+00	2.024908283458697777e+00	-8.034962818140572310e-03
1.046599999999999909e+03	0.000000000000000000e+00	2.024238189518594577e+00	-7.820829243171909320e-03
1.051599999999999909e+03	0.000000000000000000e+00	2.023575043391936390e+00	-7.612439307545529332e-03
1.056599999999999909e+03	0.000000000000000000e+00	2.022918773040895069e+00	-7.409638951381287628e-03
1.061599999999999909e+03	0.000000000000000000e+00	2.022269307174561881e+00	-7.212278247100054746e-03
1.066599999999999909e+03	0.000000000000000000e+00	2.021626575241201706e+00	-7.020211288584267753e-03
1.071599999999999909e+03	0.000000000000000000e+00	2.020990507420588056e+00	-6.833296083311497446e-03
1.076599999999999909e+03	0.000000000000000000e+00	2.020361034616421136e+00	-6.651394447381286240e-03
1.081599999999999909e+03	0.000000000000000000e+00	2.019738088448819635e+00	-6.474371903357642628e-03
1.086599999999999909e+03	0.000000000000000000e+00	2.019121601246893771e+00	-6.302097580851684019e-03
1.091599999999999909e+03	0.000000000000000000e+00	2.018511506041393844e+00	-6.134444119770912120e-03
1.096599999999999909e+03	0.000000000000000000e+00	2.017907736557434717e+00	-5.971287576163612082e-03
1.101599999999999909e+03	0.000000000000000000e+00	2.017310227207297135e+00	-5.812507330588745358e-03
1.106599999999999909e+03	0.000000000000000000e+00	2.016718913083303200e+00	-5.657985998943626527e-03
1.111599999999999909e+03	0.000000000000000000e+00	2.016133729950763787e+00	-5.507609345683431648e-03
1.116599999999999909e+03	0.000000000000000000e+00	2.015554614241003240e+00	-5.361266199368385464e-03
1.121599999999999909e+03	0.000000000000000000e+00	2.014981503044450672e+00	-5.218848370476220772e-03
1.126599999999999909e+03	0.000000000000000000e+00	2.014414334103809878e+00	-5.080250571419111377e-03
1.131599999999999909e+03	0.000000000000000000e+00	2.013853045807292297e+00	-4.945370338705975741e-03
1.136599999999999909e+03	0.000000000000000000e+00	2.013297577181927700e+00	-4.814107957192589708e-03
1.141599999999999909e+03	0.000000000000000000e+00	2.012747867886938380e+00	-4.686366386363526211e-03
1.146599999999999909e+03	0.000000000000000000e+00	2.012203858207184837e+00	-4.562051188591402170e-03
1.151599999999999909e+03	0.000000000000000000e+00	2.011665489046678967e+00	-4.441070459320408184e-03
1.156599999999999909e+03	0.000000000000000000e+00	2.011132701922165200e+00	-4.323334759122507767e-03
1.161599999999999909e+03	0.000000000000000000e+00	2.010605438956766022e+00	-4.208757047576068555e-03
1.166599999999999909e+03	0.000000000000000000e+00	2.010083642873695453e+00	-4.097252618918046166e-03
1.171599999999999909e+03	0.000000000000000000e+00	2.009567256990038242e+00	-3.988739039422153736e-03
1.176599999999999909e+03	0.000000000000000000e+00	2.009056225210589464e+00	-3.883136086456713456e-03
1.181599999999999909e+03	0.000000000000000000e+00	2.008550492021764722e+00	-3.780365689177144113e-03
1.186599999999999909e+03	0.000000000000000000e+00	2.008050002485565866e+00	-3.680351870809234725e-03
1.191599999999999909e+03	0.000000000000000000e+00	2.007554702233615540e+00	-3.583020692480532680e-03
1.196599999999999909e+03	0.000000000000000000e+00	2.007064537461250797e+00	-3.488300198558334005e-03
1.201599999999999909e+03	0.000000000000000000e+00	2.006579454921677108e+00	-3.396120363453845013e-03
1.206599999999999909e+03	0.000000000000000000e+00	2.006099401920185432e+00	-3.306413039853208641e-03
1.211599999999999909e+03	0.000000000000000000e+00	2.005624326308427019e+00	-3.219111908337110584e-03
1.216599999999999909e+03	0.000000000000000000e+00	2.005154176478749939e+00	-3.134152428351721139e-03
1.221599999999999909e+03	0.000000000000000000e+00	2.004688901358590236e+00	-3.051471790494733952e-03
1.226599999999999909e+03	0.000000000000000000e+00	2.004228450404927031e+00	-2.971008870081215218e-03
1.231599999999999909e+03	0.000000000000000000e+00	2.003772773598790025e+00	-2.892704181954947919e-03
1.236599999999999909e+03	0.000000000000000000e+00	2.003321821439826511e+00	-2.816499836511853795e-03
1.241599999999999909e+03	0.000000000000000000e+00	2.002875544940924346e+00	-2.742339496902986961e-03
1.246599999999999909e+03	0.000000000000000000e+00	2.002433895622889981e+00	-2.670168337385456052e-03
1.251599999999999909e+03	0.000000000000000000e+00	2.001996825509181566e+00	-2.599933002790493983e-03
1.256599999999999909e+03	0.000000000000000000e+00	2.001564287120699781e+00	-2.531581569078693219e-03
1.261599999999999909e+03	0.000000000000000000e+00	2.001136233470626635e+00	-2.465063504953263207e-03
1.266599999999999909e+03	0.000000000000000000e+00	2.000712618059324654e+00	-2.400329634502922083e-03
1.271599999999999909e+03	0.000000000000000000e+00	2.000293394869282704e+00	-2.337332100846804123e-03
1.276599999999999909e+03	0.000000000000000000e+00	1.999878518360118873e+00	-2.276024330754513377e-03
1.281599999999999909e+03	0.000000000000000000e+00	1.999467943463633102e+00	-2.216361000215156477e-03
1.286599999999999909e+03	0.000000000000000000e+00	1.999061625578911316e+00	-2.158298000929913165e-03
1.291599999999999909e+03	0.000000000000000000e+00	1.998659520567479753e+00	-2.101792407703361853e-03
1.296599999999999909e+03	0.000000000000000000e+00	1.998261584748511455e+00	-2.046802446709460131e-03
1.301599999999999909e+03	0.000000000000000000e+00	1.997867774894079629e+00	-1.993287464608715486e-03
1.306599999999999909e+03	0.000000000000000000e+00	1.997478048224463620e+00	-1.941207898493718794e-03
1.311599999999999909e+03	0.000000000000000000e+00	1.997092362403499965e+00	-1.890525246640816816e-03
1.316599999999999909e+03	0.000000000000000000e+00	1.996710675533984736e+00	-1.841202040046306014e-03
1.321599999999999909e+03	0.000000000000000000e+00	1.996332946153121402e+00	-1.793201814726101163e-03
1.326599999999999909e+03	0.000000000000000000e+00	1.995959133228017102e+00	-1.746489084758399892e-03
1.331599999999999909e+03	0.000000000000000000e+00	1.995589196151225320e+00	-1.701029316049424431e-03
1.336599999999999909e+03	0.000000000000000000e+00	1.995223094736333858e+00	-1.656788900802820107e-03
1.341599999999999909e+03	0.000000000000000000e+00	1.994860789213600549e+00	-1.613735132673868675e-03
1.346599999999999909e+03	0.000000000000000000e+00	1.994502240225632494e+00	-1.571836182590125811e-03
1.351599999999999909e+03	0.000000000000000000e+00	1.994147408823110368e+00	-1.531061075220616638e-03
1.356599999999999909e+03	0.000000000000000000e+00	1.993796256460558025e+00	-1.491379666076187620e-03
1.361599999999999909e+03	0.000000000000000000e+00	1.993448744992154520e+00	-1.452762619224091294e-03
1.366599999999999909e+03	0.000000000000000000e+00	1.993104836667590529e+00	-1.415181385600326356e-03
1.371599999999999909e+03	0.000000000000000000e+00	1.992764494127968522e+00	-1.378608181903697317e-03
1.376599999999999909e+03	0.000000000000000000e+00	1.992427680401742673e+00	-1.343015970055992268e-03
1.381599999999999909e+03	0.000000000000000000e+00	1.992094358900704076e+00	-1.308378437213096254e-03
1.386599999999999909e+03	0.000000000000000000e+00	1.991764493416005255e+00	-1.274669976312258445e-03
1.391599999999999909e+03	0.000000000000000000e+00	1.991438048114227977e+00	-1.241865667141135070e-03
1.396599999999999909e+03	0.000000000000000000e+00	1.991114987533488589e+00	-1.209941257914610210e-03
1.401599999999999909e+03	0.000000000000000000e+00	1.990795276579588213e+00	-1.178873147345777927e-03
1.406599999999999909e+03	0.000000000000000000e+00	1.990478880522198457e+00	-1.148638367197827052e-03
1.411599999999999909e+03	0.000000000000000000e+00	1.990165764991089992e+00	-1.119214565303933108e-03
1.416599999999999909e+03	0.000000000000000000e+00	1.989855895972397981e+00	-1.090579989042600364e-03
1.421599999999999909e+03	0.000000000000000000e+00	1.989549239804927927e+00	-1.062713469256242223e-03
1.426599999999999909e+03	0.000000000000000000e+00	1.989245763176497928e+00	-1.035594404601107099e-03
1.431599999999999909e+03	0.000000000000000000e+00	1.988945433120321571e+00	-1.009202746316980497e-03
1.436599999999999909e+03	0.000000000000000000e+00	1.988648217011425245e+00	-9.835189834054081700e-04
1.441599999999999909e+03	0.000000000000000000e+00	1.988354082563104752e+00	-9.585241282054746516e-04
1.446599999999999909e+03	0.000000000000000000e+00	1.988062997823418110e+00	-9.341997023564825760e-04
1.451599999999999909e+03	0.000000000000000000e+00	1.987774931171714332e+00	-9.105277231371472274e-04
1.456599999999999909e+03	0.000000000000000000e+00	1.987489851315198175e+00	-8.874906901712135846e-04
1.461599999999999909e+03	0.000000000000000000e+00	1.987207727285531744e+00	-8.650715724896622556e-04
1.466599999999999909e+03	0.000000000000000000e+00	1.986928528435469188e+00	-8.432537959399434829e-04
1.471599999999999909e+03	0.000000000000000000e+00	1.986652224435528691e+00	-8.220212309329283070e-04
1.476599999999999909e+03	0.000000000000000000e+00	1.986378785270696667e+00	-8.013581805185206576e-04
1.481599999999999909e+03	0.000000000000000000e+00	1.986108181237167924e+00	-7.812493687811122292e-04
1.486599999999999909e+03	0.000000000000000000e+00	1.985840382939118687e+00	-7.616799295463035600e-04
1.491599999999999909e+03	0.000000000000000000e+00	1.985575361285513374e+00	-7.426353953905414414e-04
1.496599999999999909e+03	0.000000000000000000e+00	1.985313087486944239e+00	-7.241016869455464515e-04
1.501599999999999909e+03	0.000000000000000000e+00	1.985053533052504093e+00	-7.060651024896252631e-04
1.506599999999999909e+03	0.000000000000000000e+00	1.984796669786691892e+00	-6.885123078181718415e-04
1.511599999999999909e+03	0.000000000000000000e+00	1.984542469786348740e+00	-6.714303263858693816e-04
1.516599999999999909e+03	0.000000000000000000e+00	1.984290905437627206e+00	-6.548065297133040009e-04
1.521599999999999909e+03	0.000000000000000000e+00	1.984041949412992389e+00	-6.386286280509004829e-04
1.526599999999999909e+03	0.000000000000000000e+00	1.983795574668252071e+00	-6.228846612932747865e-04
1.531599999999999909e+03	0.000000000000000000e+00	1.983551754439619952e+00	-6.075629901372888581e-04
1.536599999999999909e+03	0.000000000000000000e+00	1.983310462240807537e+00	-5.926522874772704400e-04
1.541599999999999909e+03	0.000000000000000000e+00	1.983071671860147323e+00	-5.781415300310358864e-04
1.546599999999999909e+03	0.000000000000000000e+00	1.982835357357745298e+00	-5.640199901905257329e-04
1.551599999999999909e+03	0.000000000000000000e+00	1.982601493062662978e+00	-5.502772280910278938e-04
1.556599999999999909e+03	0.000000000000000000e+00	1.982370053570128965e+00	-5.369030838931267450e-04
1.561599999999999909e+03	0.000000000000000000e+00	1.982141013738779156e+00	-5.238876702716689041e-04
1.566599999999999909e+03	0.000000000000000000e+00	1.981914348687925820e+00	-5.112213651061979502e-04
1.571599999999999909e+03	0.000000000000000000e+00	1.981690033794853978e+00	-4.988948043674495438e-04
1.576599999999999909e+03	0.000000000000000000e+00	1.981468044692147545e+00	-4.868988751946497565e-04
1.581599999999999909e+03	0.000000000000000000e+00	1.981248357265042337e+00	-4.752247091585006422e-04
1.586599999999999909e+03	0.000000000000000000e+00	1.981030947648805718e+00	-4.638636757048685368e-04
1.591599999999999909e+03	0.000000000000000000e+00	1.980815792226144456e+00	-4.528073757743320644e-04
1.596599999999999909e+03	0.000000000000000000e+00	1.980602867624639440e+00	-4.420476355928699389e-04
1.601599999999999909e+03	0.000000000000000000e+00	1.980392150714206378e+00	-4.315765006290997290e-04
1.606599999999999909e+03	0.000000000000000000e+00	1.980183618604583806e+00	-4.213862297135996440e-04
1.611599999999999909e+03	0.000000000000000000e+00	1.979977248642845522e+00	-4.114692893159659060e-04
1.616599999999999909e+03	0.000000000000000000e+00	1.979773018410940555e+00	-4.018183479753752608e-04
1.621599999999999909e+03	0.000000000000000000e+00	1.979570905723257557e+00	-3.924262708805339051e-04
1.626599999999999909e+03	0.000000000000000000e+00	1.979370888624214730e+00	-3.832861145950077885e-04
1.631599999999999909e+03	0.000000000000000000e+00	1.979172945385875293e+00	-3.743911219240331667e-04
1.636599999999999909e+03	0.000000000000000000e+00	1.978977054505586475e+00	-3.657347169190132419e-04
1.641599999999999909e+03	0.000000000000000000e+00	1.978783194703644055e+00	-3.573105000160078796e-04
1.646599999999999909e+03	0.000000000000000000e+00	1.978591344920980433e+00	-3.491122433046213512e-04
1.651599999999999909e+03	0.000000000000000000e+00	1.978401484316877790e+00	-3.411338859237933387e-04
1.656599999999999909e+03	0.000000000000000000e+00	1.978213592266702792e+00	-3.333695295810837648e-04
1.661599999999999909e+03	0.000000000000000000e+00	1.978027648359667490e+00	-3.258134341921457172e-04
1.666599999999999909e+03	0.000000000000000000e+00	1.977843632396611318e+00	-3.184600136371578739e-04
1.671599999999999909e+03	0.000000000000000000e+00	1.977661524387807068e+00	-3.113038316310811357e-04
1.676599999999999909e+03	0.000000000000000000e+00	1.977481304550789298e+00	-3.043395977046861882e-04
1.681599999999999909e+03	0.000000000000000000e+00	1.977302953308205158e+00	-2.975621632933806294e-04
1.686599999999999909e+03	0.000000000000000000e+00	1.977126451285688535e+00	-2.909665179309442050e-04
1.691599999999999909e+03	0.000000000000000000e+00	1.976951779309754631e+00	-2.845477855453586451e-04
1.696599999999999909e+03	0.000000000000000000e+00	1.976778918405716734e+00	-2.783012208539930297e-04
1.701599999999999909e+03	0.000000000000000000e+00	1.976607849795626537e+00	-2.722222058554800385e-04
1.706599999999999909e+03	0.000000000000000000e+00	1.976438554896232658e+00	-2.663062464156896189e-04
1.711599999999999909e+03	0.000000000000000000e+00	1.976271015316963142e+00	-2.605489689452759969e-04
1.716599999999999909e+03	0.000000000000000000e+00	1.976105212857926396e+00	-2.549461171663418226e-04
1.721599999999999909e+03	0.000000000000000000e+00	1.975941129507935656e+00	-2.494935489658291119e-04
1.726599999999999909e+03	0.000000000000000000e+00	1.975778747442551220e+00	-2.441872333333106656e-04
1.731599999999999909e+03	0.000000000000000000e+00	1.975618049022144884e+00	-2.390232473809177712e-04
1.736599999999999909e+03	0.000000000000000000e+00	1.975459016789983258e+00	-2.339977734432033935e-04
1.741599999999999909e+03	0.000000000000000000e+00	1.975301633470331719e+00	-2.291070962547910440e-04
1.746599999999999909e+03	0.000000000000000000e+00	1.975145881966577477e+00	-2.243476002037315899e-04
1.751599999999999909e+03	0.000000000000000000e+00	1.974991745359373052e+00	-2.197157666585273453e-04
1.756599999999999909e+03	0.000000000000000000e+00	1.974839206904797084e+00	-2.152081713668575703e-04
1.761599999999999909e+03	0.000000000000000000e+00	1.974688250032537118e+00	-2.108214819240722697e-04
1.766599999999999909e+03	0.000000000000000000e+00	1.974538858344087711e+00	-2.065524553095926378e-04
1.771599999999999909e+03	0.000000000000000000e+00	1.974391015610970301e+00	-2.023979354893871204e-04
1.776599999999999909e+03	0.000000000000000000e+00	1.974244705772970176e+00	-1.983548510827600722e-04
1.781599999999999909e+03	0.000000000000000000e+00	1.974099912936391421e+00	-1.944202130917192632e-04
1.786599999999999909e+03	0.000000000000000000e+00	1.973956621372330300e+00	-1.905911126912516941e-04
1.791599999999999909e+03	0.000000000000000000e+00	1.973814815514967735e+00	-1.868647190788664842e-04
1.796599999999999909e+03	0.000000000000000000e+00	1.973674479959876660e+00	-1.832382773818224363e-04
1.801599999999999909e+03	0.000000000000000000e+00	1.973535599462350021e+00	-1.797091066204858608e-04
1.806599999999999909e+03	0.000000000000000000e+00	1.973398158935744107e+00	-1.762745977263198557e-04
1.811599999999999909e+03	0.000000000000000000e+00	1.973262143449840078e+00	-1.729322116130343231e-04
1.816599999999999909e+03	0.000000000000000000e+00	1.973127538229221267e+00	-1.696794772994730024e-04
1.821599999999999909e+03	0.000000000000000000e+00	1.972994328651669127e+00	-1.665139900828516920e-04
1.826599999999999909e+03	0.000000000000000000e+00	1.972862500246574280e+00	-1.634334097609922189e-04
1.831599999999999909e+03	0.000000000000000000e+00	1.972732038693364665e+00	-1.604354589022438736e-04
1.836599999999999909e+03	0.000000000000000000e+00	1.972602929819949891e+00	-1.575179211618073715e-04
1.841599999999999909e+03	0.000000000000000000e+00	1.972475159601181582e+00	-1.546786396432223664e-04
1.846599999999999909e+03	0.000000000000000000e+00	1.972348714157330152e+00	-1.519155153038013908e-04
1.851599999999999909e+03	0.000000000000000000e+00	1.972223579752576894e+00	-1.492265054028371998e-04
1.856599999999999909e+03	0.000000000000000000e+00	1.972099742793521182e+00	-1.466096219914307100e-04
1.861599999999999909e+03	0.000000000000000000e+00	1.971977189827705423e+00	-1.440629304428283112e-04
1.866599999999999909e+03	0.000000000000000000e+00	1.971855907542152009e+00	-1.415845480221770817e-04
1.871599999999999909e+03	0.000000000000000000e+00	1.971735882761917802e+00	-1.391726424946454466e-04
1.876599999999999909e+03	0.000000000000000000e+00	1.971617102448663505e+00	-1.368254307708752747e-04
1.881599999999999909e+03	0.000000000000000000e+00	1.971499553699236351e+00	-1.345411775887691685e-04
1.886599999999999909e+03	0.000000000000000000e+00	1.971383223744268776e+00	-1.323181942306333157e-04
1.891599999999999909e+03	0.000000000000000000e+00	1.971268099946791752e+00	-1.301548372747322131e-04
1.896599999999999909e+03	0.000000000000000000e+00	1.971154169800861222e+00	-1.280495073803281883e-04
1.901599999999999909e+03	0.000000000000000000e+00	1.971041420930200072e+00	-1.260006481053110091e-04
1.906599999999999909e+03	0.000000000000000000e+00	1.970929841086853651e+00	-1.240067447555404058e-04
1.911599999999999909e+03	0.000000000000000000e+00	1.970819418149859281e+00	-1.220663232650539328e-04
1.916599999999999909e+03	0.000000000000000000e+00	1.970710140123929532e+00	-1.201779491063087208e-04
1.921599999999999909e+03	0.000000000000000000e+00	1.970601995138148599e+00	-1.183402262296556773e-04
1.926599999999999909e+03	0.000000000000000000e+00	1.970494971444683996e+00	-1.165517960312576775e-04
1.931599999999999909e+03	0.000000000000000000e+00	1.970389057417509360e+00	-1.148113363486929388e-04
1.936599999999999909e+03	0.000000000000000000e+00	1.970284241551141458e+00	-1.131175604834972143e-04
1.941599999999999909e+03	0.000000000000000000e+00	1.970180512459391187e+00	-1.114692162499257620e-04
1.946599999999999909e+03	0.000000000000000000e+00	1.970077858874126342e+00	-1.098650850492284488e-04
1.951599999999999909e+03	0.000000000000000000e+00	1.969976269644046818e+00	-1.083039809687567966e-04
1.956599999999999909e+03	0.000000000000000000e+00	1.969875733733474021e+00	-1.067847499052339380e-04
1.961599999999999909e+03	0.000000000000000000e+00	1.969776240221152497e+00	-1.053062687115424083e-04
1.966599999999999909e+03	0.000000000000000000e+00	1.969677778299061988e+00	-1.038674443663956766e-04
1.971599999999999909e+03	0.000000000000000000e+00	1.969580337271244819e+00	-1.024672131662830531e-04
1.976599999999999909e+03	0.000000000000000000e+00	1.969483906552643493e+00	-1.011045399390871741e-04
1.981599999999999909e+03	0.000000000000000000e+00	1.969388475667950722e+00	-9.977841727879588677e-05
1.986599999999999909e+03	0.000000000000000000e+00	1.969294034250471226e+00	-9.848786480073987019e-05
1.991599999999999909e+03	0.000000000000000000e+00	1.969200572040996855e+00	-9.723192841680800978e-05
1.996599999999999909e+03	0.000000000000000000e+00	1.969108078886689928e+00	-9.600967963010228600e-05
2.001599999999999909e+03	0.000000000000000000e+00	1.969016544739982777e+00	-9.482021484851310233e-05
2.006599999999999909e+03	0.000000000000000000e+00	1.968925959657484626e+00	-9.366265471670515228e-05
2.011599999999999909e+03	0.000000000000000000e+00	1.968836313798901783e+00	-9.253614346602243772e-05
2.016599999999999909e+03	0.000000000000000000e+00	1.968747597425968943e+00	-9.143984828182942655e-05
2.021599999999999909e+03	0.000000000000000000e+00	1.968659800901391144e+00	-9.037295868782290180e-05
2.026599999999999909e+03	0.000000000000000000e+00	1.968572914687797493e+00	-8.933468594685725324e-05
2.031599999999999909e+03	0.000000000000000000e+00	1.968486929346703329e+00	-8.832426247784213116e-05
2.036599999999999909e+03	0.000000000000000000e+00	1.968401835537487488e+00	-8.734094128827962159e-05
2.041599999999999909e+03	0.000000000000000000e+00	1.968317624016375333e+00	-8.638399542202317280e-05
2.046599999999999909e+03	0.000000000000000000e+00	1.968234285635435787e+00	-8.545271742184825487e-05
2.051599999999999909e+03	0.000000000000000000e+00	1.968151811341587454e+00	-8.454641880643912709e-05
2.056599999999999909e+03	0.000000000000000000e+00	1.968070192175615185e+00	-8.366442956140346019e-05
2.061599999999999909e+03	0.000000000000000000e+00	1.967989419271196194e+00	-8.280609764394012686e-05
2.066599999999999909e+03	0.000000000000000000e+00	1.967909483853937935e+00	-8.197078850079226361e-05
2.071599999999999909e+03	0.000000000000000000e+00	1.967830377240424200e+00	-8.115788459913100199e-05
2.076599999999999909e+03	0.000000000000000000e+00	1.967752090837271872e+00	-8.036678497002133900e-05
2.081599999999999909e+03	0.000000000000000000e+00	1.967674616140198340e+00	-7.959690476413427431e-05
2.086599999999999909e+03	0.000000000000000000e+00	1.967597944733096016e+00	-7.884767481937516957e-05
2.091599999999999909e+03	0.000000000000000000e+00	1.967522068287119730e+00	-7.811854124011025210e-05
2.096599999999999909e+03	0.000000000000000000e+00	1.967446978559780568e+00	-7.740896498767856537e-05
2.101599999999999909e+03	0.000000000000000000e+00	1.967372667394052144e+00	-7.671842148188843255e-05
2.106599999999999909e+03	0.000000000000000000e+00	1.967299126717482638e+00	-7.604640021320184951e-05
2.111599999999999909e+03	0.000000000000000000e+00	1.967226348541319059e+00	-7.539240436532213647e-05
2.116599999999999909e+03	0.000000000000000000e+00	1.967154324959639267e+00	-7.475595044790386379e-05
2.121599999999999909e+03	0.000000000000000000e+00	1.967083048148493107e+00	-7.413656793911537011e-05
2.126599999999999909e+03	0.000000000000000000e+00	1.967012510365051980e+00	-7.353379893778785035e-05
2.131599999999999909e+03	0.000000000000000000e+00	1.966942703946768622e+00	-7.294719782489557543e-05
2.136599999999999909e+03	0.000000000000000000e+00	1.966873621310543774e+00	-7.237633093411553276e-05
2.141599999999999909e+03	0.000000000000000000e+00	1.966805254951903503e+00	-7.182077623122363965e-05
2.146599999999999909e+03	0.000000000000000000e+00	1.966737597444182750e+00	-7.128012300209079415e-05
2.151599999999999909e+03	0.000000000000000000e+00	1.966670641437719746e+00	-7.075397154904713710e-05
2.156599999999999909e+03	0.000000000000000000e+00	1.966604379659057100e+00	-7.024193289539119324e-05
2.161599999999999909e+03	0.000000000000000000e+00	1.966538804910150873e+00	-6.974362849782438111e-05
2.166599999999999909e+03	0.000000000000000000e+00	1.966473910067590536e+00	-6.925868996659926907e-05
2.171599999999999909e+03	0.000000000000000000e+00	1.966409688081823148e+00	-6.878675879317376293e-05
2.176599999999999909e+03	0.000000000000000000e+00	1.966346131976389300e+00	-6.832748608517078340e-05
2.181599999999999909e+03	0.000000000000000000e+00	1.966283234847163497e+00	-6.788053230844658277e-05
2.186599999999999909e+03	0.000000000000000000e+00	1.966220989861605872e+00	-6.744556703607792493e-05
2.191599999999999909e+03	0.000000000000000000e+00	1.966159390258018780e+00	-6.702226870408170003e-05
2.196599999999999909e+03	0.000000000000000000e+00	1.966098429344812937e+00	-6.661032437368722672e-05
2.201599999999999909e+03	0.000000000000000000e+00	1.966038100499779784e+00	-6.620942949998455764e-05
2.206599999999999909e+03	0.000000000000000000e+00	1.965978397169373171e+00	-6.581928770677875811e-05
2.211599999999999909e+03	0.000000000000000000e+00	1.965919312867996371e+00	-6.543961056748279789e-05
2.216599999999999909e+03	0.000000000000000000e+00	1.965860841177298424e+00	-6.507011739188775393e-05
2.221599999999999909e+03	0.000000000000000000e+00	1.965802975745476022e+00	-6.471053501865220653e-05
2.226599999999999909e+03	0.000000000000000000e+00	1.965745710286584735e+00	-6.436059761335788897e-05
2.231599999999999909e+03	0.000000000000000000e+00	1.965689038579854664e+00	-6.402004647198165867e-05
2.236599999999999909e+03	0.000000000000000000e+00	1.965632954469015869e+00	-6.368862982963929310e-05
2.241599999999999909e+03	0.000000000000000000e+00	1.965577451861628910e+00	-6.336610267445895786e-05
2.246599999999999909e+03	0.000000000000000000e+00	1.965522524728423814e+00	-6.305222656644729018e-05
2.251599999999999909e+03	0.000000000000000000e+00	1.965468167102643937e+00	-6.274676946121386016e-05
2.256599999999999909e+03	0.000000000000000000e+00	1.965414373079398702e+00	-6.244950553842395970e-05
2.261599999999999909e+03	0.000000000000000000e+00	1.965361136815022336e+00	-6.216021503485251497e-05
2.266599999999999909e+03	0.000000000000000000e+00	1.965308452526438154e+00	-6.187868408191626889e-05
2.271599999999999909e+03	0.000000000000000000e+00	1.965256314490530842e+00	-6.160470454756342639e-05
2.276599999999999909e+03	0.000000000000000000e+00	1.965204717043524729e+00	-6.133807388240461716e-05
2.281599999999999909e+03	0.000000000000000000e+00	1.965153654580368947e+00	-6.107859496997064368e-05
2.286599999999999909e+03	0.000000000000000000e+00	1.965103121554127474e+00	-6.082607598098711013e-05
2.291599999999999909e+03	0.000000000000000000e+00	1.965053112475377617e+00	-6.058033023155747144e-05
2.296599999999999909e+03	0.000000000000000000e+00	1.965003621911613374e+00	-6.034117604515027664e-05
2.301599999999999909e+03	0.000000000000000000e+00	1.964954644486655244e+00	-6.010843661828799373e-05
2.306599999999999909e+03	0.000000000000000000e+00	1.964906174880065803e+00	-5.988193988983871955e-05
2.311599999999999909e+03	0.000000000000000000e+00	1.964858207826572611e+00	-5.966151841381358298e-05
2.316599999999999909e+03	0.000000000000000000e+00	1.964810738115495337e+00	-5.944700923557625423e-05
2.321599999999999909e+03	0.000000000000000000e+00	1.964763760590180652e+00	-5.923825377137272171e-05
2.326599999999999909e+03	0.000000000000000000e+00	1.964717270147441130e+00	-5.903509769109247922e-05
2.331599999999999909e+03	0.000000000000000000e+00	1.964671261737001462e+00	-5.883739080417432641e-05
2.336599999999999909e+03	0.000000000000000000e+00	1.964625730360950007e+00	-5.864498694857254660e-05
2.341599999999999909e+03	0.000000000000000000e+00	1.964580671073194784e+00	-5.845774388270119838e-05
2.346599999999999909e+03	0.000000000000000000e+00	1.964536078978927902e+00	-5.827552318027690638e-05
2.351599999999999909e+03	0.000000000000000000e+00	1.964491949234092205e+00	-5.809819012798208215e-05
2.356599999999999909e+03	0.000000000000000000e+00	1.964448277044856139e+00	-5.792561362587328379e-05
2.361599999999999909e+03	0.000000000000000000e+00	1.964405057667092169e+00	-5.775766609046065691e-05
2.366599999999999909e+03	0.000000000000000000e+00	1.964362286405862079e+00	-5.759422336038730577e-05
2.371599999999999909e+03	0.000000000000000000e+00	1.964319958614907158e+00	-5.743516460463837250e-05
2.376599999999999909e+03	0.000000000000000000e+00	1.964278069696142159e+00	-5.728037223321234611e-05
2.381599999999999909e+03	0.000000000000000000e+00	1.964236615099157479e+00	-5.712973181018832290e-05
2.386599999999999909e+03	0.000000000000000000e+00	1.964195590320723550e+00	-5.698313196912510782e-05
2.391599999999999909e+03	0.000000000000000000e+00	1.964154990904302567e+00	-5.684046433072942225e-05
2.396599999999999909e+03	0.000000000000000000e+00	1.964114812439563540e+00	-5.670162342273265876e-05
2.401599999999999909e+03	0.000000000000000000e+00	1.964075050561904234e+00	-5.656650660191654483e-05
2.406599999999999909e+03	0.000000000000000000e+00	1.964035700951975771e+00	-5.643501397823045624e-05
2.411599999999999909e+03	0.000000000000000000e+00	1.963996759335214337e+00	-5.630704834094401505e-05
2.416599999999999909e+03	0.000000000000000000e+00	1.963958221481376887e+00	-5.618251508678052502e-05
2.421599999999999909e+03	0.000000000000000000e+00	1.963920083204080846e+00	-5.606132214997801001e-05
2.426599999999999909e+03	0.000000000000000000e+00	1.963882340360349810e+00	-5.594337993422626097e-05
2.431599999999999909e+03	0.000000000000000000e+00	1.963844988850164119e+00	-5.582860124642945578e-05
2.436599999999999909e+03	0.000000000000000000e+00	1.963808024616013892e+00	-5.571690123224552895e-05
2.441599999999999909e+03	0.000000000000000000e+00	1.963771443642460035e+00	-5.560819731335442368e-05
2.446599999999999909e+03	0.000000000000000000e+00	1.963735241955696598e+00	-5.550240912640911370e-05
2.451599999999999909e+03	0.000000000000000000e+00	1.963699415623120004e+00	-5.539945846362402801e-05
2.456599999999999909e+03	0.000000000000000000e+00	1.963663960752901616e+00	-5.529926921495707652e-05
2.461599999999999909e+03	0.000000000000000000e+00	1.963628873493564519e+00	-5.520176731184255243e-05
2.466599999999999909e+03	0.000000000000000000e+00	1.963594150033566077e+00	-5.510688067243321015e-05
2.471599999999999909e+03	0.000000000000000000e+00	1.963559786600882928e+00	-5.501453914831113214e-05
2.476599999999999909e+03	0.000000000000000000e+00	1.963525779462601539e+00	-5.492467447262792675e-05
2.481599999999999909e+03	0.000000000000000000e+00	1.963492124924513194e+00	-5.483722020963602501e-05
2.486599999999999909e+03	0.000000000000000000e+00	1.963458819330711869e+00	-5.475211170557352269e-05
2.491599999999999909e+03	0.000000000000000000e+00	1.963425859063197887e+00	-5.466928604086664637e-05
2.496599999999999909e+03	0.000000000000000000e+00	1.963393240541484008e+00	-5.458868198361403794e-05
2.501599999999999909e+03	0.000000000000000000e+00	1.963360960222207297e+00	-5.451023994431892182e-05
2.506599999999999909e+03	0.000000000000000000e+00	1.963329014598743871e+00	-5.443390193183533478e-05
2.511599999999999909e+03	0.000000000000000000e+00	1.963297400200828102e+00	-5.435961151049609538e-05
2.516599999999999909e+03	0.000000000000000000e+00	1.963266113594175133e+00	-5.428731375839063086e-05
2.521599999999999909e+03	0.000000000000000000e+00	1.963235151380108512e+00	-5.421695522676198522e-05
2.526599999999999909e+03	0.000000000000000000e+00	1.963204510195190489e+00	-5.414848390049282036e-05
2.531599999999999909e+03	0.000000000000000000e+00	1.963174186710857416e+00	-5.408184915965139419e-05
2.536599999999999909e+03	0.000000000000000000e+00	1.963144177633056708e+00	-5.401700174206890641e-05
2.541599999999999909e+03	0.000000000000000000e+00	1.963114479701890236e+00	-5.395389370692061222e-05
2.546599999999999909e+03	0.000000000000000000e+00	1.963085089691260388e+00	-5.389247839928384281e-05
2.551599999999999909e+03	0.000000000000000000e+00	1.963056004408518129e+00	-5.383271041564666117e-05
2.556599999999999909e+03	0.000000000000000000e+00	1.963027220694117947e+00	-5.377454557034159295e-05
2.561599999999999909e+03	0.000000000000000000e+00	1.962998735421273233e+00	-5.371794086287984157e-05
2.566599999999999909e+03	0.000000000000000000e+00	1.962970545495617891e+00	-5.366285444616153183e-05
2.571599999999999909e+03	0.000000000000000000e+00	1.962942647854868605e+00	-5.360924559553875983e-05
2.576599999999999909e+03	0.000000000000000000e+00	1.962915039468493772e+00	-5.355707467870836932e-05
2.581599999999999909e+03	0.000000000000000000e+00	1.962887717337383542e+00	-5.350630312641235022e-05
2.586599999999999909e+03	0.000000000000000000e+00	1.962860678493523636e+00	-5.345689340392410072e-05
2.591599999999999909e+03	0.000000000000000000e+00	1.962833919999674048e+00	-5.340880898329949245e-05
2.596599999999999909e+03	0.000000000000000000e+00	1.962807438949048633e+00	-5.336201431637227423e-05
