3.008999999999999773e+02	0.000000000000000000e+00	1.705999999999999961e+00	-6.450000000000000178e-02
3.016999999999999886e+02	0.000000000000000000e+00	1.705999999999999961e+00	-6.379999999999999560e-02
3.023999999999999773e+02	0.000000000000000000e+00	1.705999999999999961e+00	-6.310000000000000331e-02
3.031000000000000227e+02	0.000000000000000000e+00	1.705000000000000071e+00	-6.239999999999999714e-02
3.038999999999999773e+02	0.000000000000000000e+00	1.705000000000000071e+00	-6.169999999999999790e-02
3.046000000000000227e+02	0.000000000000000000e+00	1.705000000000000071e+00	-6.099999999999999867e-02
3.053999999999999773e+02	0.000000000000000000e+00	1.703999999999999959e+00	-6.029999999999999943e-02
3.061000000000000227e+02	0.000000000000000000e+00	1.703999999999999959e+00	-5.970000000000000306e-02
3.068999999999999773e+02	0.000000000000000000e+00	1.703999999999999959e+00	-5.899999999999999689e-02
3.076999999999999886e+02	0.000000000000000000e+00	1.703000000000000069e+00	-5.829999999999999766e-02
3.083999999999999773e+02	0.000000000000000000e+00	1.703000000000000069e+00	-5.770000000000000129e-02
3.091999999999999886e+02	0.000000000000000000e+00	1.703000000000000069e+00	-5.700000000000000205e-02
3.100000000000000000e+02	0.000000000000000000e+00	1.701999999999999957e+00	-5.630000000000000282e-02
3.106999999999999886e+02	0.000000000000000000e+00	1.701999999999999957e+00	-5.569999999999999951e-02
3.115000000000000000e+02	0.000000000000000000e+00	1.701000000000000068e+00	-5.500000000000000028e-02
3.123000000000000114e+02	0.000000000000000000e+00	1.701000000000000068e+00	-5.439999999999999697e-02
3.131000000000000227e+02	0.000000000000000000e+00	1.701000000000000068e+00	-5.369999999999999774e-02
3.138999999999999773e+02	0.000000000000000000e+00	1.699999999999999956e+00	-5.310000000000000137e-02
3.146999999999999886e+02	0.000000000000000000e+00	1.699999999999999956e+00	-5.249999999999999806e-02
3.155000000000000000e+02	0.000000000000000000e+00	1.699000000000000066e+00	-5.190000000000000169e-02
3.163000000000000114e+02	0.000000000000000000e+00	1.699000000000000066e+00	-5.120000000000000245e-02
3.171000000000000227e+02	0.000000000000000000e+00	1.699000000000000066e+00	-5.059999999999999915e-02
3.178999999999999773e+02	0.000000000000000000e+00	1.697999999999999954e+00	-5.000000000000000278e-02
3.186999999999999886e+02	0.000000000000000000e+00	1.697999999999999954e+00	-4.939999999999999947e-02
3.195000000000000000e+02	0.000000000000000000e+00	1.697000000000000064e+00	-4.880000000000000310e-02
3.203999999999999773e+02	0.000000000000000000e+00	1.697000000000000064e+00	-4.819999999999999979e-02
3.211999999999999886e+02	0.000000000000000000e+00	1.697000000000000064e+00	-4.760000000000000342e-02
3.220000000000000000e+02	0.000000000000000000e+00	1.695999999999999952e+00	-4.700000000000000011e-02
3.228999999999999773e+02	0.000000000000000000e+00	1.695999999999999952e+00	-4.639999999999999680e-02
3.236999999999999886e+02	0.000000000000000000e+00	1.695000000000000062e+00	-4.580000000000000043e-02
3.246000000000000227e+02	0.000000000000000000e+00	1.695000000000000062e+00	-4.519999999999999712e-02
3.253999999999999773e+02	0.000000000000000000e+00	1.695000000000000062e+00	-4.460000000000000075e-02
3.263000000000000114e+02	0.000000000000000000e+00	1.693999999999999950e+00	-4.410000000000000031e-02
3.271000000000000227e+02	0.000000000000000000e+00	1.693999999999999950e+00	-4.349999999999999700e-02
3.280000000000000000e+02	0.000000000000000000e+00	1.693000000000000060e+00	-4.290000000000000063e-02
3.288999999999999773e+02	0.000000000000000000e+00	1.693000000000000060e+00	-4.240000000000000019e-02
3.296999999999999886e+02	0.000000000000000000e+00	1.691999999999999948e+00	-4.179999999999999688e-02
3.306000000000000227e+02	0.000000000000000000e+00	1.691999999999999948e+00	-4.120000000000000051e-02
3.315000000000000000e+02	0.000000000000000000e+00	1.691000000000000059e+00	-4.070000000000000007e-02
3.323999999999999773e+02	0.000000000000000000e+00	1.691000000000000059e+00	-4.009999999999999676e-02
3.333000000000000114e+02	0.000000000000000000e+00	1.691000000000000059e+00	-3.960000000000000325e-02
3.341999999999999886e+02	0.000000000000000000e+00	1.689999999999999947e+00	-3.910000000000000281e-02
3.351000000000000227e+02	0.000000000000000000e+00	1.689999999999999947e+00	-3.849999999999999950e-02
3.360000000000000000e+02	0.000000000000000000e+00	1.689000000000000057e+00	-3.799999999999999906e-02
3.368999999999999773e+02	0.000000000000000000e+00	1.689000000000000057e+00	-3.749999999999999861e-02
3.378000000000000114e+02	0.000000000000000000e+00	1.687999999999999945e+00	-3.699999999999999817e-02
3.388000000000000114e+02	0.000000000000000000e+00	1.687999999999999945e+00	-3.649999999999999772e-02
3.396999999999999886e+02	0.000000000000000000e+00	1.687000000000000055e+00	-3.590000000000000135e-02
3.406000000000000227e+02	0.000000000000000000e+00	1.687000000000000055e+00	-3.540000000000000091e-02
3.416000000000000227e+02	0.000000000000000000e+00	1.685999999999999943e+00	-3.490000000000000047e-02
3.425000000000000000e+02	0.000000000000000000e+00	1.685999999999999943e+00	-3.440000000000000002e-02
3.433999999999999773e+02	0.000000000000000000e+00	1.685000000000000053e+00	-3.389999999999999958e-02
3.443999999999999773e+02	0.000000000000000000e+00	1.685000000000000053e+00	-3.350000000000000200e-02
3.453999999999999773e+02	0.000000000000000000e+00	1.685000000000000053e+00	-3.300000000000000155e-02
3.463000000000000114e+02	0.000000000000000000e+00	1.683999999999999941e+00	-3.250000000000000111e-02
3.473000000000000114e+02	0.000000000000000000e+00	1.683999999999999941e+00	-3.200000000000000067e-02
3.483000000000000114e+02	0.000000000000000000e+00	1.683000000000000052e+00	-3.150000000000000022e-02
3.493000000000000114e+02	0.000000000000000000e+00	1.683000000000000052e+00	-3.109999999999999917e-02
3.501999999999999886e+02	0.000000000000000000e+00	1.681999999999999940e+00	-3.059999999999999873e-02
3.511999999999999886e+02	0.000000000000000000e+00	1.681999999999999940e+00	-3.020000000000000115e-02
3.521999999999999886e+02	0.000000000000000000e+00	1.681000000000000050e+00	-2.970000000000000070e-02
3.531999999999999886e+02	0.000000000000000000e+00	1.681000000000000050e+00	-2.929999999999999966e-02
3.541999999999999886e+02	0.000000000000000000e+00	1.679999999999999938e+00	-2.879999999999999921e-02
3.553000000000000114e+02	0.000000000000000000e+00	1.679999999999999938e+00	-2.840000000000000163e-02
3.563000000000000114e+02	0.000000000000000000e+00	1.679000000000000048e+00	-2.790000000000000119e-02
3.573000000000000114e+02	0.000000000000000000e+00	1.679000000000000048e+00	-2.750000000000000014e-02
3.583000000000000114e+02	0.000000000000000000e+00	1.677999999999999936e+00	-2.709999999999999909e-02
3.593999999999999773e+02	0.000000000000000000e+00	1.677999999999999936e+00	-2.659999999999999865e-02
3.603999999999999773e+02	0.000000000000000000e+00	1.677000000000000046e+00	-2.620000000000000107e-02
3.615000000000000000e+02	0.000000000000000000e+00	1.677000000000000046e+00	-2.580000000000000002e-02
3.625000000000000000e+02	0.000000000000000000e+00	1.675999999999999934e+00	-2.539999999999999897e-02
3.636000000000000227e+02	0.000000000000000000e+00	1.675999999999999934e+00	-2.500000000000000139e-02
3.646999999999999886e+02	0.000000000000000000e+00	1.675000000000000044e+00	-2.460000000000000034e-02
3.656999999999999886e+02	0.000000000000000000e+00	1.675000000000000044e+00	-2.419999999999999929e-02
3.668000000000000114e+02	0.000000000000000000e+00	1.673999999999999932e+00	-2.380000000000000171e-02
3.678999999999999773e+02	0.000000000000000000e+00	1.673999999999999932e+00	-2.340000000000000066e-02
3.690000000000000000e+02	0.000000000000000000e+00	1.673000000000000043e+00	-2.299999999999999961e-02
3.701000000000000227e+02	0.000000000000000000e+00	1.673000000000000043e+00	-2.259999999999999856e-02
3.711999999999999886e+02	0.000000000000000000e+00	1.671999999999999931e+00	-2.220000000000000098e-02
3.723000000000000114e+02	0.000000000000000000e+00	1.671999999999999931e+00	-2.189999999999999933e-02
3.733999999999999773e+02	0.000000000000000000e+00	1.671000000000000041e+00	-2.149999999999999828e-02
3.746000000000000227e+02	0.000000000000000000e+00	1.671000000000000041e+00	-2.110000000000000070e-02
3.756999999999999886e+02	0.000000000000000000e+00	1.669999999999999929e+00	-2.079999999999999905e-02
3.768999999999999773e+02	0.000000000000000000e+00	1.669999999999999929e+00	-2.040000000000000147e-02
3.780000000000000000e+02	0.000000000000000000e+00	1.669000000000000039e+00	-2.000000000000000042e-02
3.791999999999999886e+02	0.000000000000000000e+00	1.669000000000000039e+00	-1.969999999999999876e-02
3.803000000000000114e+02	0.000000000000000000e+00	1.667999999999999927e+00	-1.930000000000000118e-02
3.815000000000000000e+02	0.000000000000000000e+00	1.667999999999999927e+00	-1.899999999999999953e-02
3.826999999999999886e+02	0.000000000000000000e+00	1.667000000000000037e+00	-1.870000000000000134e-02
3.838999999999999773e+02	0.000000000000000000e+00	1.667000000000000037e+00	-1.830000000000000029e-02
3.850000000000000000e+02	0.000000000000000000e+00	1.665999999999999925e+00	-1.799999999999999864e-02
3.861999999999999886e+02	0.000000000000000000e+00	1.665999999999999925e+00	-1.770000000000000046e-02
3.875000000000000000e+02	0.000000000000000000e+00	1.665000000000000036e+00	-1.729999999999999941e-02
3.886999999999999886e+02	0.000000000000000000e+00	1.665000000000000036e+00	-1.700000000000000122e-02
3.898999999999999773e+02	0.000000000000000000e+00	1.663999999999999924e+00	-1.669999999999999957e-02
3.911000000000000227e+02	0.000000000000000000e+00	1.663999999999999924e+00	-1.640000000000000138e-02
3.923999999999999773e+02	0.000000000000000000e+00	1.663000000000000034e+00	-1.609999999999999973e-02
3.936000000000000227e+02	0.000000000000000000e+00	1.663000000000000034e+00	-1.580000000000000154e-02
3.948999999999999773e+02	0.000000000000000000e+00	1.661999999999999922e+00	-1.549999999999999989e-02
3.961000000000000227e+02	0.000000000000000000e+00	1.661999999999999922e+00	-1.519999999999999997e-02
3.973999999999999773e+02	0.000000000000000000e+00	1.661000000000000032e+00	-1.490000000000000005e-02
3.986999999999999886e+02	0.000000000000000000e+00	1.661000000000000032e+00	-1.460000000000000013e-02
4.000000000000000000e+02	0.000000000000000000e+00	1.659999999999999920e+00	-1.430000000000000021e-02
4.011999999999999886e+02	0.000000000000000000e+00	1.659999999999999920e+00	-1.400000000000000029e-02
4.025000000000000000e+02	0.000000000000000000e+00	1.659000000000000030e+00	-1.370000000000000037e-02
4.038999999999999773e+02	0.000000000000000000e+00	1.659000000000000030e+00	-1.349999999999999985e-02
4.051999999999999886e+02	0.000000000000000000e+00	1.657999999999999918e+00	-1.319999999999999993e-02
4.065000000000000000e+02	0.000000000000000000e+00	1.657999999999999918e+00	-1.290000000000000001e-02
4.078000000000000114e+02	0.000000000000000000e+00	1.657000000000000028e+00	-1.269999999999999948e-02
4.091999999999999886e+02	0.000000000000000000e+00	1.657000000000000028e+00	-1.239999999999999956e-02
4.105000000000000000e+02	0.000000000000000000e+00	1.655999999999999917e+00	-1.209999999999999964e-02
4.118999999999999773e+02	0.000000000000000000e+00	1.655999999999999917e+00	-1.190000000000000085e-02
4.133000000000000114e+02	0.000000000000000000e+00	1.655000000000000027e+00	-1.159999999999999920e-02
4.146999999999999886e+02	0.000000000000000000e+00	1.655000000000000027e+00	-1.140000000000000041e-02
4.161000000000000227e+02	0.000000000000000000e+00	1.653999999999999915e+00	-1.110000000000000049e-02
4.175000000000000000e+02	0.000000000000000000e+00	1.653999999999999915e+00	-1.089999999999999997e-02
4.188999999999999773e+02	0.000000000000000000e+00	1.653000000000000025e+00	-1.069999999999999944e-02
4.203000000000000114e+02	0.000000000000000000e+00	1.653000000000000025e+00	-1.039999999999999952e-02
4.216999999999999886e+02	0.000000000000000000e+00	1.651999999999999913e+00	-1.020000000000000073e-02
4.231999999999999886e+02	0.000000000000000000e+00	1.651999999999999913e+00	-9.960000000000000103e-03
4.246000000000000227e+02	0.000000000000000000e+00	1.651000000000000023e+00	-9.730000000000000801e-03
4.261000000000000227e+02	0.000000000000000000e+00	1.651000000000000023e+00	-9.509999999999999357e-03
4.275000000000000000e+02	0.000000000000000000e+00	1.649999999999999911e+00	-9.289999999999999647e-03
4.290000000000000000e+02	0.000000000000000000e+00	1.649999999999999911e+00	-9.079999999999999530e-03
4.305000000000000000e+02	0.000000000000000000e+00	1.649000000000000021e+00	-8.859999999999999820e-03
4.320000000000000000e+02	0.000000000000000000e+00	1.649000000000000021e+00	-8.659999999999999296e-03
4.335000000000000000e+02	0.000000000000000000e+00	1.647999999999999909e+00	-8.449999999999999178e-03
4.350000000000000000e+02	0.000000000000000000e+00	1.647999999999999909e+00	-8.250000000000000389e-03
4.366000000000000227e+02	0.000000000000000000e+00	1.647000000000000020e+00	-8.049999999999999864e-03
4.381000000000000227e+02	0.000000000000000000e+00	1.647000000000000020e+00	-7.849999999999999339e-03
4.396999999999999886e+02	0.000000000000000000e+00	1.645999999999999908e+00	-7.660000000000000142e-03
4.411999999999999886e+02	0.000000000000000000e+00	1.645999999999999908e+00	-7.470000000000000077e-03
4.428000000000000114e+02	0.000000000000000000e+00	1.645000000000000018e+00	-7.280000000000000013e-03
4.443999999999999773e+02	0.000000000000000000e+00	1.645000000000000018e+00	-7.089999999999999948e-03
4.460000000000000000e+02	0.000000000000000000e+00	1.643999999999999906e+00	-6.910000000000000343e-03
4.476000000000000227e+02	0.000000000000000000e+00	1.643999999999999906e+00	-6.729999999999999871e-03
4.491999999999999886e+02	0.000000000000000000e+00	1.643000000000000016e+00	-6.559999999999999859e-03
4.508999999999999773e+02	0.000000000000000000e+00	1.643000000000000016e+00	-6.380000000000000254e-03
4.525000000000000000e+02	0.000000000000000000e+00	1.641999999999999904e+00	-6.210000000000000242e-03
4.541999999999999886e+02	0.000000000000000000e+00	1.641999999999999904e+00	-6.049999999999999822e-03
4.558000000000000114e+02	0.000000000000000000e+00	1.641000000000000014e+00	-5.879999999999999810e-03
4.575000000000000000e+02	0.000000000000000000e+00	1.641000000000000014e+00	-5.720000000000000258e-03
4.591999999999999886e+02	0.000000000000000000e+00	1.639999999999999902e+00	-5.559999999999999838e-03
4.608999999999999773e+02	0.000000000000000000e+00	1.639999999999999902e+00	-5.400000000000000286e-03
4.626000000000000227e+02	0.000000000000000000e+00	1.639000000000000012e+00	-5.250000000000000326e-03
4.643999999999999773e+02	0.000000000000000000e+00	1.639000000000000012e+00	-5.100000000000000366e-03
4.661000000000000227e+02	0.000000000000000000e+00	1.637999999999999901e+00	-4.950000000000000407e-03
4.678999999999999773e+02	0.000000000000000000e+00	1.637999999999999901e+00	-4.810000000000000039e-03
4.696000000000000227e+02	0.000000000000000000e+00	1.637999999999999901e+00	-4.660000000000000080e-03
4.713999999999999773e+02	0.000000000000000000e+00	1.637000000000000011e+00	-4.519999999999999712e-03
4.731999999999999886e+02	0.000000000000000000e+00	1.637000000000000011e+00	-4.389999999999999805e-03
4.750000000000000000e+02	0.000000000000000000e+00	1.635999999999999899e+00	-4.250000000000000305e-03
4.768999999999999773e+02	0.000000000000000000e+00	1.635999999999999899e+00	-4.120000000000000398e-03
4.786999999999999886e+02	0.000000000000000000e+00	1.635000000000000009e+00	-3.989999999999999623e-03
4.806000000000000227e+02	0.000000000000000000e+00	1.635000000000000009e+00	-3.860000000000000150e-03
4.823999999999999773e+02	0.000000000000000000e+00	1.633999999999999897e+00	-3.739999999999999835e-03
4.843000000000000114e+02	0.000000000000000000e+00	1.633999999999999897e+00	-3.609999999999999928e-03
4.861999999999999886e+02	0.000000000000000000e+00	1.633000000000000007e+00	-3.490000000000000047e-03
4.881000000000000227e+02	0.000000000000000000e+00	1.633000000000000007e+00	-3.380000000000000192e-03
4.901000000000000227e+02	0.000000000000000000e+00	1.631999999999999895e+00	-3.259999999999999877e-03
4.920000000000000000e+02	0.000000000000000000e+00	1.631999999999999895e+00	-3.150000000000000022e-03
4.940000000000000000e+02	0.000000000000000000e+00	1.631000000000000005e+00	-3.040000000000000167e-03
4.958999999999999773e+02	0.000000000000000000e+00	1.631000000000000005e+00	-2.929999999999999879e-03
4.978999999999999773e+02	0.000000000000000000e+00	1.631000000000000005e+00	-2.820000000000000024e-03
4.998999999999999773e+02	0.000000000000000000e+00	1.629999999999999893e+00	-2.720000000000000195e-03
5.020000000000000000e+02	0.000000000000000000e+00	1.629999999999999893e+00	-2.619999999999999933e-03
5.040000000000000000e+02	0.000000000000000000e+00	1.629000000000000004e+00	-2.520000000000000104e-03
5.061000000000000227e+02	0.000000000000000000e+00	1.629000000000000004e+00	-2.419999999999999842e-03
5.081000000000000227e+02	0.000000000000000000e+00	1.627999999999999892e+00	-2.330000000000000040e-03
5.101999999999999886e+02	0.000000000000000000e+00	1.627999999999999892e+00	-2.239999999999999804e-03
5.122999999999999545e+02	0.000000000000000000e+00	1.627000000000000002e+00	-2.150000000000000001e-03
5.145000000000000000e+02	0.000000000000000000e+00	1.627000000000000002e+00	-2.060000000000000199e-03
5.166000000000000227e+02	0.000000000000000000e+00	1.627000000000000002e+00	-1.969999999999999963e-03
5.187999999999999545e+02	0.000000000000000000e+00	1.625999999999999890e+00	-1.889999999999999970e-03
5.208999999999999773e+02	0.000000000000000000e+00	1.625999999999999890e+00	-1.809999999999999977e-03
5.231000000000000227e+02	0.000000000000000000e+00	1.625000000000000000e+00	-1.729999999999999984e-03
5.253999999999999773e+02	0.000000000000000000e+00	1.625000000000000000e+00	-1.649999999999999991e-03
5.276000000000000227e+02	0.000000000000000000e+00	1.624000000000000110e+00	-1.569999999999999998e-03
5.298999999999999773e+02	0.000000000000000000e+00	1.624000000000000110e+00	-1.500000000000000031e-03
5.321000000000000227e+02	0.000000000000000000e+00	1.622999999999999998e+00	-1.430000000000000064e-03
5.343999999999999773e+02	0.000000000000000000e+00	1.622999999999999998e+00	-1.360000000000000098e-03
5.367000000000000455e+02	0.000000000000000000e+00	1.622999999999999998e+00	-1.289999999999999914e-03
5.391000000000000227e+02	0.000000000000000000e+00	1.622000000000000108e+00	-1.229999999999999974e-03
5.413999999999999773e+02	0.000000000000000000e+00	1.622000000000000108e+00	-1.160000000000000007e-03
5.437999999999999545e+02	0.000000000000000000e+00	1.620999999999999996e+00	-1.100000000000000066e-03
5.462000000000000455e+02	0.000000000000000000e+00	1.620999999999999996e+00	-1.039999999999999909e-03
5.486000000000000227e+02	0.000000000000000000e+00	1.620000000000000107e+00	-9.849999999999999815e-04
5.510000000000000000e+02	0.000000000000000000e+00	1.620000000000000107e+00	-9.290000000000000297e-04
5.535000000000000000e+02	0.000000000000000000e+00	1.620000000000000107e+00	-8.750000000000000182e-04
5.560000000000000000e+02	0.000000000000000000e+00	1.618999999999999995e+00	-8.220000000000000310e-04
5.585000000000000000e+02	0.000000000000000000e+00	1.618999999999999995e+00	-7.720000000000000083e-04
5.610000000000000000e+02	0.000000000000000000e+00	1.618000000000000105e+00	-7.230000000000000098e-04
5.636000000000000227e+02	0.000000000000000000e+00	1.618000000000000105e+00	-6.759999999999999516e-04
5.661000000000000227e+02	0.000000000000000000e+00	1.618000000000000105e+00	-6.300000000000000261e-04
5.687000000000000455e+02	0.000000000000000000e+00	1.616999999999999993e+00	-5.869999999999999567e-04
5.713999999999999773e+02	0.000000000000000000e+00	1.616999999999999993e+00	-5.450000000000000200e-04
5.740000000000000000e+02	0.000000000000000000e+00	1.616000000000000103e+00	-5.050000000000000235e-04
5.767000000000000455e+02	0.000000000000000000e+00	1.616000000000000103e+00	-4.659999999999999971e-04
5.793999999999999773e+02	0.000000000000000000e+00	1.614999999999999991e+00	-4.290000000000000193e-04
5.821000000000000227e+02	0.000000000000000000e+00	1.614999999999999991e+00	-3.939999999999999817e-04
5.847999999999999545e+02	0.000000000000000000e+00	1.614999999999999991e+00	-3.609999999999999928e-04
5.876000000000000227e+02	0.000000000000000000e+00	1.614000000000000101e+00	-3.289999999999999739e-04
5.903999999999999773e+02	0.000000000000000000e+00	1.614000000000000101e+00	-2.979999999999999793e-04
5.932000000000000455e+02	0.000000000000000000e+00	1.612999999999999989e+00	-2.700000000000000035e-04
5.961000000000000227e+02	0.000000000000000000e+00	1.612999999999999989e+00	-2.420000000000000005e-04
5.990000000000000000e+02	0.000000000000000000e+00	1.612999999999999989e+00	-2.169999999999999891e-04
6.018999999999999773e+02	0.000000000000000000e+00	1.612000000000000099e+00	-1.920000000000000049e-04
6.047999999999999545e+02	0.000000000000000000e+00	1.612000000000000099e+00	-1.700000000000000122e-04
6.077999999999999545e+02	0.000000000000000000e+00	1.610999999999999988e+00	-1.489999999999999897e-04
6.107999999999999545e+02	0.000000000000000000e+00	1.610999999999999988e+00	-1.289999999999999914e-04
6.137999999999999545e+02	0.000000000000000000e+00	1.610999999999999988e+00	-1.110000000000000011e-04
6.167999999999999545e+02	0.000000000000000000e+00	1.610000000000000098e+00	-9.390000000000000560e-05
6.198999999999999773e+02	0.000000000000000000e+00	1.610000000000000098e+00	-7.859999999999999962e-05
6.230000000000000000e+02	0.000000000000000000e+00	1.610000000000000098e+00	-6.459999999999999814e-05
6.262000000000000455e+02	0.000000000000000000e+00	1.608999999999999986e+00	-5.209999999999999923e-05
6.293999999999999773e+02	0.000000000000000000e+00	1.608999999999999986e+00	-4.100000000000000047e-05
6.326000000000000227e+02	0.000000000000000000e+00	1.608000000000000096e+00	-3.119999999999999944e-05
6.357999999999999545e+02	0.000000000000000000e+00	1.608000000000000096e+00	-2.279999999999999854e-05
6.391000000000000227e+02	0.000000000000000000e+00	1.608000000000000096e+00	-1.569999999999999876e-05
6.423999999999999773e+02	0.000000000000000000e+00	1.606999999999999984e+00	-9.979999999999999315e-06
6.457999999999999545e+02	0.000000000000000000e+00	1.606999999999999984e+00	-5.550000000000000225e-06
6.491000000000000227e+02	0.000000000000000000e+00	1.606000000000000094e+00	-2.420000000000000123e-06
6.526000000000000227e+02	0.000000000000000000e+00	1.606000000000000094e+00	-5.759999999999999697e-07
6.560000000000000000e+02	0.000000000000000000e+00	1.606000000000000094e+00	-1.219999999999999923e-09
6.595000000000000000e+02	0.000000000000000000e+00	1.604999999999999982e+00	-6.819999999999999924e-07
6.630000000000000000e+02	0.000000000000000000e+00	1.604999999999999982e+00	-2.609999999999999998e-06
6.666000000000000227e+02	0.000000000000000000e+00	1.604999999999999982e+00	-5.759999999999999909e-06
6.702000000000000455e+02	0.000000000000000000e+00	1.604000000000000092e+00	-1.009999999999999986e-05
6.737999999999999545e+02	0.000000000000000000e+00	1.604000000000000092e+00	-1.569999999999999876e-05
6.775000000000000000e+02	0.000000000000000000e+00	1.602999999999999980e+00	-2.239999999999999899e-05
6.812000000000000455e+02	0.000000000000000000e+00	1.602999999999999980e+00	-3.040000000000000032e-05
6.850000000000000000e+02	0.000000000000000000e+00	1.602999999999999980e+00	-3.949999999999999789e-05
6.887999999999999545e+02	0.000000000000000000e+00	1.602000000000000091e+00	-4.970000000000000188e-05
6.927000000000000455e+02	0.000000000000000000e+00	1.602000000000000091e+00	-6.109999999999999438e-05
6.965000000000000000e+02	0.000000000000000000e+00	1.602000000000000091e+00	-7.360000000000000006e-05
7.005000000000000000e+02	0.000000000000000000e+00	1.600999999999999979e+00	-8.720000000000000537e-05
7.045000000000000000e+02	0.000000000000000000e+00	1.600999999999999979e+00	-1.019999999999999992e-04
7.085000000000000000e+02	0.000000000000000000e+00	1.600999999999999979e+00	-1.179999999999999951e-04
7.126000000000000227e+02	0.000000000000000000e+00	1.600000000000000089e+00	-1.350000000000000017e-04
7.167000000000000455e+02	0.000000000000000000e+00	1.600000000000000089e+00	-1.520000000000000084e-04
7.207999999999999545e+02	0.000000000000000000e+00	1.600000000000000089e+00	-1.710000000000000094e-04
7.251000000000000227e+02	0.000000000000000000e+00	1.598999999999999977e+00	-1.910000000000000077e-04
7.292999999999999545e+02	0.000000000000000000e+00	1.598999999999999977e+00	-2.120000000000000031e-04
7.336000000000000227e+02	0.000000000000000000e+00	1.598999999999999977e+00	-2.339999999999999958e-04
7.380000000000000000e+02	0.000000000000000000e+00	1.598000000000000087e+00	-2.570000000000000127e-04
7.423999999999999773e+02	0.000000000000000000e+00	1.598000000000000087e+00	-2.809999999999999998e-04
7.468999999999999773e+02	0.000000000000000000e+00	1.596999999999999975e+00	-3.060000000000000111e-04
7.513999999999999773e+02	0.000000000000000000e+00	1.596999999999999975e+00	-3.319999999999999926e-04
7.560000000000000000e+02	0.000000000000000000e+00	1.596999999999999975e+00	-3.589999999999999984e-04
7.606000000000000227e+02	0.000000000000000000e+00	1.596000000000000085e+00	-3.869999999999999742e-04
7.652999999999999545e+02	0.000000000000000000e+00	1.596000000000000085e+00	-4.159999999999999744e-04
7.701000000000000227e+02	0.000000000000000000e+00	1.596000000000000085e+00	-4.459999999999999989e-04
7.748999999999999773e+02	0.000000000000000000e+00	1.594999999999999973e+00	-4.760000000000000234e-04
7.797999999999999545e+02	0.000000000000000000e+00	1.594999999999999973e+00	-5.079999999999999880e-04
7.847000000000000455e+02	0.000000000000000000e+00	1.594999999999999973e+00	-5.400000000000000069e-04
7.897000000000000455e+02	0.000000000000000000e+00	1.594000000000000083e+00	-5.730000000000000501e-04
7.947999999999999545e+02	0.000000000000000000e+00	1.594000000000000083e+00	-6.070000000000000092e-04
7.998999999999999773e+02	0.000000000000000000e+00	1.594000000000000083e+00	-6.419999999999999925e-04
8.051000000000000227e+02	0.000000000000000000e+00	1.592999999999999972e+00	-6.780000000000000002e-04
8.103999999999999773e+02	0.000000000000000000e+00	1.592999999999999972e+00	-7.150000000000000322e-04
8.157000000000000455e+02	0.000000000000000000e+00	1.592999999999999972e+00	-7.519999999999999558e-04
8.211000000000000227e+02	0.000000000000000000e+00	1.592999999999999972e+00	-7.910000000000000364e-04
8.266000000000000227e+02	0.000000000000000000e+00	1.592000000000000082e+00	-8.300000000000000086e-04
8.266000000000000227e+02	0.000000000000000000e+00	1.593186912173814251e+00	-8.300000000000000086e-04
8.316000000000000227e+02	0.000000000000000000e+00	1.592966115337720145e+00	-8.300000000000000086e-04
8.366000000000000227e+02	0.000000000000000000e+00	1.592750801542824224e+00	-8.300000000000000086e-04
8.416000000000000227e+02	0.000000000000000000e+00	1.592540834628929369e+00	-8.300000000000000086e-04
8.466000000000000227e+02	0.000000000000000000e+00	1.592336081817099958e+00	-8.300000000000000086e-04
8.516000000000000227e+02	0.000000000000000000e+00	1.592136413625696134e+00	-8.300000000000000086e-04
8.566000000000000227e+02	0.000000000000000000e+00	1.591941703788491758e+00	-8.300000000000000086e-04
8.616000000000000227e+02	0.000000000000000000e+00	1.591751829174825605e+00	-8.300000000000000086e-04
8.666000000000000227e+02	0.000000000000000000e+00	1.591566669711736992e+00	-8.300000000000000086e-04
8.716000000000000227e+02	0.000000000000000000e+00	1.591386108308033398e+00	-8.300000000000000086e-04
8.766000000000000227e+02	0.000000000000000000e+00	1.591210030780244145e+00	-8.300000000000000086e-04
8.816000000000000227e+02	0.000000000000000000e+00	1.591038325780413043e+00	-8.300000000000000086e-04
8.866000000000000227e+02	0.000000000000000000e+00	1.590870884725685164e+00	-8.300000000000000086e-04
8.916000000000000227e+02	0.000000000000000000e+00	1.590707601729639542e+00	-8.300000000000000086e-04
8.966000000000000227e+02	0.000000000000000000e+00	1.590548373535329629e+00	-8.300000000000000086e-04
9.016000000000000227e+02	0.000000000000000000e+00	1.590393099449986192e+00	-8.300000000000000086e-04
9.066000000000000227e+02	0.000000000000000000e+00	1.590241681281339803e+00	-8.300000000000000086e-04
9.116000000000000227e+02	0.000000000000000000e+00	1.590094023275526958e+00	-8.300000000000000086e-04
9.166000000000000227e+02	0.000000000000000000e+00	1.589950032056536955e+00	-8.300000000000000086e-04
9.216000000000000227e+02	0.000000000000000000e+00	1.589809616567162687e+00	-8.300000000000000086e-04
9.266000000000000227e+02	0.000000000000000000e+00	1.589672688011418256e+00	-8.300000000000000086e-04
9.316000000000000227e+02	0.000000000000000000e+00	1.589539159798385448e+00	-8.300000000000000086e-04
9.366000000000000227e+02	0.000000000000000000e+00	1.589408947487455759e+00	-8.300000000000000086e-04
9.416000000000000227e+02	0.000000000000000000e+00	1.589281968734931993e+00	-8.300000000000000086e-04
9.466000000000000227e+02	0.000000000000000000e+00	1.589158143241955257e+00	-8.300000000000000086e-04
9.516000000000000227e+02	0.000000000000000000e+00	1.589037392703726015e+00	-8.300000000000000086e-04
9.566000000000000227e+02	0.000000000000000000e+00	1.588919640759985485e+00	-8.300000000000000086e-04
9.616000000000000227e+02	0.000000000000000000e+00	1.588804812946726708e+00	-8.300000000000000086e-04
9.666000000000000227e+02	0.000000000000000000e+00	1.588692836649105322e+00	-8.300000000000000086e-04
9.716000000000000227e+02	0.000000000000000000e+00	1.588583641055518969e+00	-8.300000000000000086e-04
9.766000000000000227e+02	0.000000000000000000e+00	1.588477157112828220e+00	-8.300000000000000086e-04
9.816000000000000227e+02	0.000000000000000000e+00	1.588373317482687508e+00	-8.300000000000000086e-04
9.866000000000000227e+02	0.000000000000000000e+00	1.588272056498962970e+00	-8.300000000000000086e-04
9.916000000000000227e+02	0.000000000000000000e+00	1.588173310126205440e+00	-8.300000000000000086e-04
9.966000000000000227e+02	0.000000000000000000e+00	1.588077015919156176e+00	-8.300000000000000086e-04
1.001600000000000023e+03	0.000000000000000000e+00	1.587983112983258227e+00	-8.300000000000000086e-04
1.006600000000000023e+03	0.000000000000000000e+00	1.587891541936146567e+00	-8.300000000000000086e-04
1.011600000000000023e+03	0.000000000000000000e+00	1.587802244870097246e+00	-8.300000000000000086e-04
1.016600000000000023e+03	0.000000000000000000e+00	1.587715165315406685e+00	-8.300000000000000086e-04
1.021600000000000023e+03	0.000000000000000000e+00	1.587630248204681793e+00	-8.300000000000000086e-04
1.026599999999999909e+03	0.000000000000000000e+00	1.587547439838016938e+00	-8.300000000000000086e-04
1.031599999999999909e+03	0.000000000000000000e+00	1.587466687849033997e+00	-8.300000000000000086e-04
1.036599999999999909e+03	0.000000000000000000e+00	1.587387941171767514e+00	-8.300000000000000086e-04
1.041599999999999909e+03	0.000000000000000000e+00	1.587311150008372307e+00	-8.300000000000000086e-04
1.046599999999999909e+03	0.000000000000000000e+00	1.587236265797631107e+00	-8.300000000000000086e-04
1.051599999999999909e+03	0.000000000000000000e+00	1.587163241184245566e+00	-8.300000000000000086e-04
1.056599999999999909e+03	0.000000000000000000e+00	1.587092029988890651e+00	-8.300000000000000086e-04
1.061599999999999909e+03	0.000000000000000000e+00	1.587022587179011124e+00	-8.300000000000000086e-04
1.066599999999999909e+03	0.000000000000000000e+00	1.586954868840342980e+00	-8.300000000000000086e-04
1.071599999999999909e+03	0.000000000000000000e+00	1.586888832149145001e+00	-8.300000000000000086e-04
1.076599999999999909e+03	0.000000000000000000e+00	1.586824435345115969e+00	-8.300000000000000086e-04
1.081599999999999909e+03	0.000000000000000000e+00	1.586761637704986905e+00	-8.300000000000000086e-04
1.086599999999999909e+03	0.000000000000000000e+00	1.586700399516768778e+00	-8.300000000000000086e-04
1.091599999999999909e+03	0.000000000000000000e+00	1.586640682054639040e+00	-8.300000000000000086e-04
1.096599999999999909e+03	0.000000000000000000e+00	1.586582447554452546e+00	-8.300000000000000086e-04
1.101599999999999909e+03	0.000000000000000000e+00	1.586525659189859994e+00	-8.300000000000000086e-04
1.106599999999999909e+03	0.000000000000000000e+00	1.586470281049019437e+00	-8.300000000000000086e-04
1.111599999999999909e+03	0.000000000000000000e+00	1.586416278111886902e+00	-8.300000000000000086e-04
1.116599999999999909e+03	0.000000000000000000e+00	1.586363616228069873e+00	-8.300000000000000086e-04
1.121599999999999909e+03	0.000000000000000000e+00	1.586312262095231906e+00	-8.300000000000000086e-04
1.126599999999999909e+03	0.000000000000000000e+00	1.586262183238031920e+00	-8.300000000000000086e-04
1.131599999999999909e+03	0.000000000000000000e+00	1.586213347987588618e+00	-8.300000000000000086e-04
1.136599999999999909e+03	0.000000000000000000e+00	1.586165725461452514e+00	-8.300000000000000086e-04
1.141599999999999909e+03	0.000000000000000000e+00	1.586119285544077551e+00	-8.300000000000000086e-04
1.146599999999999909e+03	0.000000000000000000e+00	1.586073998867775670e+00	-8.300000000000000086e-04
1.151599999999999909e+03	0.000000000000000000e+00	1.586029836794146108e+00	-8.300000000000000086e-04
1.156599999999999909e+03	0.000000000000000000e+00	1.585986771395964334e+00	-8.300000000000000086e-04
1.161599999999999909e+03	0.000000000000000000e+00	1.585944775439521948e+00	-8.300000000000000086e-04
1.166599999999999909e+03	0.000000000000000000e+00	1.585903822367404237e+00	-8.300000000000000086e-04
1.171599999999999909e+03	0.000000000000000000e+00	1.585863886281696500e+00	-8.300000000000000086e-04
1.176599999999999909e+03	0.000000000000000000e+00	1.585824941927605369e+00	-8.300000000000000086e-04
1.181599999999999909e+03	0.000000000000000000e+00	1.585786964677489586e+00	-8.300000000000000086e-04
1.186599999999999909e+03	0.000000000000000000e+00	1.585749930515285122e+00	-8.300000000000000086e-04
1.191599999999999909e+03	0.000000000000000000e+00	1.585713816021318223e+00	-8.300000000000000086e-04
1.196599999999999909e+03	0.000000000000000000e+00	1.585678598357495028e+00	-8.300000000000000086e-04
1.201599999999999909e+03	0.000000000000000000e+00	1.585644255252859791e+00	-8.300000000000000086e-04
1.206599999999999909e+03	0.000000000000000000e+00	1.585610764989510368e+00	-8.300000000000000086e-04
1.211599999999999909e+03	0.000000000000000000e+00	1.585578106388864539e+00	-8.300000000000000086e-04
1.216599999999999909e+03	0.000000000000000000e+00	1.585546258798267605e+00	-8.300000000000000086e-04
1.221599999999999909e+03	0.000000000000000000e+00	1.585515202077931285e+00	-8.300000000000000086e-04
1.226599999999999909e+03	0.000000000000000000e+00	1.585484916588198345e+00	-8.300000000000000086e-04
1.231599999999999909e+03	0.000000000000000000e+00	1.585455383177122091e+00	-8.300000000000000086e-04
1.236599999999999909e+03	0.000000000000000000e+00	1.585426583168355830e+00	-8.300000000000000086e-04
1.241599999999999909e+03	0.000000000000000000e+00	1.585398498349342100e+00	-8.300000000000000086e-04
1.246599999999999909e+03	0.000000000000000000e+00	1.585371110959795438e+00	-8.300000000000000086e-04
1.251599999999999909e+03	0.000000000000000000e+00	1.585344403680470693e+00	-8.300000000000000086e-04
1.256599999999999909e+03	0.000000000000000000e+00	1.585318359622211126e+00	-8.300000000000000086e-04
1.261599999999999909e+03	0.000000000000000000e+00	1.585292962315267840e+00	-8.300000000000000086e-04
1.266599999999999909e+03	0.000000000000000000e+00	1.585268195698885219e+00	-8.300000000000000086e-04
1.271599999999999909e+03	0.000000000000000000e+00	1.585244044111143058e+00	-8.300000000000000086e-04
1.276599999999999909e+03	0.000000000000000000e+00	1.585220492279054039e+00	-8.300000000000000086e-04
1.281599999999999909e+03	0.000000000000000000e+00	1.585197525308903677e+00	-8.300000000000000086e-04
1.286599999999999909e+03	0.000000000000000000e+00	1.585175128676833189e+00	-8.300000000000000086e-04
1.291599999999999909e+03	0.000000000000000000e+00	1.585153288219653955e+00	-8.300000000000000086e-04
1.296599999999999909e+03	0.000000000000000000e+00	1.585131990125892010e+00	-8.300000000000000086e-04
1.301599999999999909e+03	0.000000000000000000e+00	1.585111220927052589e+00	-8.300000000000000086e-04
1.306599999999999909e+03	0.000000000000000000e+00	1.585090967489104052e+00	-8.300000000000000086e-04
1.311599999999999909e+03	0.000000000000000000e+00	1.585071217004171862e+00	-8.300000000000000086e-04
1.316599999999999909e+03	0.000000000000000000e+00	1.585051956982438615e+00	-8.300000000000000086e-04
1.321599999999999909e+03	0.000000000000000000e+00	1.585033175244246362e+00	-8.300000000000000086e-04
1.326599999999999909e+03	0.000000000000000000e+00	1.585014859912394547e+00	-8.300000000000000086e-04
1.331599999999999909e+03	0.000000000000000000e+00	1.584996999404628459e+00	-8.300000000000000086e-04
1.336599999999999909e+03	0.000000000000000000e+00	1.584979582426315314e+00	-8.300000000000000086e-04
1.341599999999999909e+03	0.000000000000000000e+00	1.584962597963301301e+00	-8.300000000000000086e-04
1.346599999999999909e+03	0.000000000000000000e+00	1.584946035274947151e+00	-8.300000000000000086e-04
1.351599999999999909e+03	0.000000000000000000e+00	1.584929883887335356e+00	-8.300000000000000086e-04
1.356599999999999909e+03	0.000000000000000000e+00	1.584914133586647011e+00	-8.300000000000000086e-04
1.361599999999999909e+03	0.000000000000000000e+00	1.584898774412702549e+00	-8.300000000000000086e-04
1.366599999999999909e+03	0.000000000000000000e+00	1.584883796652663213e+00	-8.300000000000000086e-04
1.371599999999999909e+03	0.000000000000000000e+00	1.584869190834889086e+00	-8.300000000000000086e-04
1.376599999999999909e+03	0.000000000000000000e+00	1.584854947722948770e+00	-8.300000000000000086e-04
1.381599999999999909e+03	0.000000000000000000e+00	1.584841058309779616e+00	-8.300000000000000086e-04
1.386599999999999909e+03	0.000000000000000000e+00	1.584827513811990496e+00	-8.300000000000000086e-04
1.391599999999999909e+03	0.000000000000000000e+00	1.584814305664308032e+00	-8.300000000000000086e-04
1.396599999999999909e+03	0.000000000000000000e+00	1.584801425514160256e+00	-8.300000000000000086e-04
1.401599999999999909e+03	0.000000000000000000e+00	1.584788865216394171e+00	-8.300000000000000086e-04
1.406599999999999909e+03	0.000000000000000000e+00	1.584776616828125206e+00	-8.300000000000000086e-04
1.411599999999999909e+03	0.000000000000000000e+00	1.584764672603714342e+00	-8.300000000000000086e-04
1.416599999999999909e+03	0.000000000000000000e+00	1.584753024989869363e+00	-8.300000000000000086e-04
1.421599999999999909e+03	0.000000000000000000e+00	1.584741666620868905e+00	-8.300000000000000086e-04
1.426599999999999909e+03	0.000000000000000000e+00	1.584730590313904841e+00	-8.300000000000000086e-04
1.431599999999999909e+03	0.000000000000000000e+00	1.584719789064539031e+00	-8.300000000000000086e-04
1.436599999999999909e+03	0.000000000000000000e+00	1.584709256042273973e+00	-8.300000000000000086e-04
1.441599999999999909e+03	0.000000000000000000e+00	1.584698984586234705e+00	-8.300000000000000086e-04
1.446599999999999909e+03	0.000000000000000000e+00	1.584688968200954617e+00	-8.300000000000000086e-04
1.451599999999999909e+03	0.000000000000000000e+00	1.584679200552269185e+00	-8.300000000000000086e-04
1.456599999999999909e+03	0.000000000000000000e+00	1.584669675463310279e+00	-8.300000000000000086e-04
1.461599999999999909e+03	0.000000000000000000e+00	1.584660386910599295e+00	-8.300000000000000086e-04
1.466599999999999909e+03	0.000000000000000000e+00	1.584651329020238864e+00	-8.300000000000000086e-04
1.471599999999999909e+03	0.000000000000000000e+00	1.584642496064197603e+00	-8.300000000000000086e-04
1.476599999999999909e+03	0.000000000000000000e+00	1.584633882456688347e+00	-8.300000000000000086e-04
1.481599999999999909e+03	0.000000000000000000e+00	1.584625482750635639e+00	-8.300000000000000086e-04
1.486599999999999909e+03	0.000000000000000000e+00	1.584617291634230929e+00	-8.300000000000000086e-04
1.491599999999999909e+03	0.000000000000000000e+00	1.584609303927573931e+00	-8.300000000000000086e-04
1.496599999999999909e+03	0.000000000000000000e+00	1.584601514579396575e+00	-8.300000000000000086e-04
1.501599999999999909e+03	0.000000000000000000e+00	1.584593918663868228e+00	-8.300000000000000086e-04
1.506599999999999909e+03	0.000000000000000000e+00	1.584586511377482188e+00	-8.300000000000000086e-04
1.511599999999999909e+03	0.000000000000000000e+00	1.584579288036016553e+00	-8.300000000000000086e-04
1.516599999999999909e+03	0.000000000000000000e+00	1.584572244071572378e+00	-8.300000000000000086e-04
1.521599999999999909e+03	0.000000000000000000e+00	1.584565375029685752e+00	-8.300000000000000086e-04
1.526599999999999909e+03	0.000000000000000000e+00	1.584558676566509838e+00	-8.300000000000000086e-04
1.531599999999999909e+03	0.000000000000000000e+00	1.584552144446068844e+00	-8.300000000000000086e-04
1.536599999999999909e+03	0.000000000000000000e+00	1.584545774537578611e+00	-8.300000000000000086e-04
1.541599999999999909e+03	0.000000000000000000e+00	1.584539562812834479e+00	-8.300000000000000086e-04
1.546599999999999909e+03	0.000000000000000000e+00	1.584533505343664439e+00	-8.300000000000000086e-04
1.551599999999999909e+03	0.000000000000000000e+00	1.584527598299444229e+00	-8.300000000000000086e-04
1.556599999999999909e+03	0.000000000000000000e+00	1.584521837944675715e+00	-8.300000000000000086e-04
1.561599999999999909e+03	0.000000000000000000e+00	1.584516220636624118e+00	-8.300000000000000086e-04
1.566599999999999909e+03	0.000000000000000000e+00	1.584510742823014517e+00	-8.300000000000000086e-04
1.571599999999999909e+03	0.000000000000000000e+00	1.584505401039785877e+00	-8.300000000000000086e-04
1.576599999999999909e+03	0.000000000000000000e+00	1.584500191908899680e+00	-8.300000000000000086e-04
1.581599999999999909e+03	0.000000000000000000e+00	1.584495112136204309e+00	-8.300000000000000086e-04
1.586599999999999909e+03	0.000000000000000000e+00	1.584490158509351598e+00	-8.300000000000000086e-04
1.591599999999999909e+03	0.000000000000000000e+00	1.584485327895765794e+00	-8.300000000000000086e-04
1.596599999999999909e+03	0.000000000000000000e+00	1.584480617240662248e+00	-8.300000000000000086e-04
1.601599999999999909e+03	0.000000000000000000e+00	1.584476023565115188e+00	-8.300000000000000086e-04
1.606599999999999909e+03	0.000000000000000000e+00	1.584471543964175000e+00	-8.300000000000000086e-04
1.611599999999999909e+03	0.000000000000000000e+00	1.584467175605030365e+00	-8.300000000000000086e-04
1.616599999999999909e+03	0.000000000000000000e+00	1.584462915725217247e+00	-8.300000000000000086e-04
1.621599999999999909e+03	0.000000000000000000e+00	1.584458761630871404e+00	-8.300000000000000086e-04
1.626599999999999909e+03	0.000000000000000000e+00	1.584454710695025748e+00	-8.300000000000000086e-04
1.631599999999999909e+03	0.000000000000000000e+00	1.584450760355948340e+00	-8.300000000000000086e-04
1.636599999999999909e+03	0.000000000000000000e+00	1.584446908115522579e+00	-8.300000000000000086e-04
1.641599999999999909e+03	0.000000000000000000e+00	1.584443151537667571e+00	-8.300000000000000086e-04
1.646599999999999909e+03	0.000000000000000000e+00	1.584439488246797589e+00	-8.300000000000000086e-04
1.651599999999999909e+03	0.000000000000000000e+00	1.584435915926319716e+00	-8.300000000000000086e-04
1.656599999999999909e+03	0.000000000000000000e+00	1.584432432317168793e+00	-8.300000000000000086e-04
1.661599999999999909e+03	0.000000000000000000e+00	1.584429035216379456e+00	-8.300000000000000086e-04
1.666599999999999909e+03	0.000000000000000000e+00	1.584425722475691911e+00	-8.300000000000000086e-04
1.671599999999999909e+03	0.000000000000000000e+00	1.584422492000194360e+00	-8.300000000000000086e-04
1.676599999999999909e+03	0.000000000000000000e+00	1.584419341746997834e+00	-8.300000000000000086e-04
1.681599999999999909e+03	0.000000000000000000e+00	1.584416269723944337e+00	-8.300000000000000086e-04
1.686599999999999909e+03	0.000000000000000000e+00	1.584413273988346971e+00	-8.300000000000000086e-04
1.691599999999999909e+03	0.000000000000000000e+00	1.584410352645761799e+00	-8.300000000000000086e-04
1.696599999999999909e+03	0.000000000000000000e+00	1.584407503848789256e+00	-8.300000000000000086e-04
1.701599999999999909e+03	0.000000000000000000e+00	1.584404725795906410e+00	-8.300000000000000086e-04
1.706599999999999909e+03	0.000000000000000000e+00	1.584402016730327212e+00	-8.300000000000000086e-04
1.711599999999999909e+03	0.000000000000000000e+00	1.584399374938892269e+00	-8.300000000000000086e-04
1.716599999999999909e+03	0.000000000000000000e+00	1.584396798750984603e+00	-8.300000000000000086e-04
1.721599999999999909e+03	0.000000000000000000e+00	1.584394286537474050e+00	-8.300000000000000086e-04
1.726599999999999909e+03	0.000000000000000000e+00	1.584391836709685863e+00	-8.300000000000000086e-04
1.731599999999999909e+03	0.000000000000000000e+00	1.584389447718397737e+00	-8.300000000000000086e-04
1.736599999999999909e+03	0.000000000000000000e+00	1.584387118052858368e+00	-8.300000000000000086e-04
1.741599999999999909e+03	0.000000000000000000e+00	1.584384846239833555e+00	-8.300000000000000086e-04
1.746599999999999909e+03	0.000000000000000000e+00	1.584382630842673167e+00	-8.300000000000000086e-04
1.751599999999999909e+03	0.000000000000000000e+00	1.584380470460403867e+00	-8.300000000000000086e-04
1.756599999999999909e+03	0.000000000000000000e+00	1.584378363726842709e+00	-8.300000000000000086e-04
1.761599999999999909e+03	0.000000000000000000e+00	1.584376309309732722e+00	-8.300000000000000086e-04
1.766599999999999909e+03	0.000000000000000000e+00	1.584374305909901137e+00	-8.300000000000000086e-04
1.771599999999999909e+03	0.000000000000000000e+00	1.584372352260437600e+00	-8.300000000000000086e-04
1.776599999999999909e+03	0.000000000000000000e+00	1.584370447125892145e+00	-8.300000000000000086e-04
1.781599999999999909e+03	0.000000000000000000e+00	1.584368589301495822e+00	-8.300000000000000086e-04
1.786599999999999909e+03	0.000000000000000000e+00	1.584366777612396859e+00	-8.300000000000000086e-04
1.791599999999999909e+03	0.000000000000000000e+00	1.584365010912919036e+00	-8.300000000000000086e-04
1.796599999999999909e+03	0.000000000000000000e+00	1.584363288085836041e+00	-8.300000000000000086e-04
1.801599999999999909e+03	0.000000000000000000e+00	1.584361608041666480e+00	-8.300000000000000086e-04
1.806599999999999909e+03	0.000000000000000000e+00	1.584359969717983097e+00	-8.300000000000000086e-04
1.811599999999999909e+03	0.000000000000000000e+00	1.584358372078742638e+00	-8.300000000000000086e-04
1.816599999999999909e+03	0.000000000000000000e+00	1.584356814113629497e+00	-8.300000000000000086e-04
1.821599999999999909e+03	0.000000000000000000e+00	1.584355294837417105e+00	-8.300000000000000086e-04
1.826599999999999909e+03	0.000000000000000000e+00	1.584353813289345325e+00	-8.300000000000000086e-04
1.831599999999999909e+03	0.000000000000000000e+00	1.584352368532512267e+00	-8.300000000000000086e-04
1.836599999999999909e+03	0.000000000000000000e+00	1.584350959653282098e+00	-8.300000000000000086e-04
1.841599999999999909e+03	0.000000000000000000e+00	1.584349585760707724e+00	-8.300000000000000086e-04
1.846599999999999909e+03	0.000000000000000000e+00	1.584348245985966352e+00	-8.300000000000000086e-04
1.851599999999999909e+03	0.000000000000000000e+00	1.584346939481810823e+00	-8.300000000000000086e-04
1.856599999999999909e+03	0.000000000000000000e+00	1.584345665422033811e+00	-8.300000000000000086e-04
1.861599999999999909e+03	0.000000000000000000e+00	1.584344423000944913e+00	-8.300000000000000086e-04
1.866599999999999909e+03	0.000000000000000000e+00	1.584343211432861720e+00	-8.300000000000000086e-04
1.871599999999999909e+03	0.000000000000000000e+00	1.584342029951612218e+00	-8.300000000000000086e-04
1.876599999999999909e+03	0.000000000000000000e+00	1.584340877810051174e+00	-8.300000000000000086e-04
1.881599999999999909e+03	0.000000000000000000e+00	1.584339754279586954e+00	-8.300000000000000086e-04
1.886599999999999909e+03	0.000000000000000000e+00	1.584338658649720788e+00	-8.300000000000000086e-04
1.891599999999999909e+03	0.000000000000000000e+00	1.584337590227598236e+00	-8.300000000000000086e-04
1.896599999999999909e+03	0.000000000000000000e+00	1.584336548337570427e+00	-8.300000000000000086e-04
1.901599999999999909e+03	0.000000000000000000e+00	1.584335532320766182e+00	-8.300000000000000086e-04
1.906599999999999909e+03	0.000000000000000000e+00	1.584334541534676566e+00	-8.300000000000000086e-04
1.911599999999999909e+03	0.000000000000000000e+00	1.584333575352748325e+00	-8.300000000000000086e-04
1.916599999999999909e+03	0.000000000000000000e+00	1.584332633163986870e+00	-8.300000000000000086e-04
1.921599999999999909e+03	0.000000000000000000e+00	1.584331714372570588e+00	-8.300000000000000086e-04
1.926599999999999909e+03	0.000000000000000000e+00	1.584330818397474028e+00	-8.300000000000000086e-04
1.931599999999999909e+03	0.000000000000000000e+00	1.584329944672099977e+00	-8.300000000000000086e-04
1.936599999999999909e+03	0.000000000000000000e+00	1.584329092643922188e+00	-8.300000000000000086e-04
1.941599999999999909e+03	0.000000000000000000e+00	1.584328261774134328e+00	-8.300000000000000086e-04
1.946599999999999909e+03	0.000000000000000000e+00	1.584327451537310916e+00	-8.300000000000000086e-04
1.951599999999999909e+03	0.000000000000000000e+00	1.584326661421074256e+00	-8.300000000000000086e-04
1.956599999999999909e+03	0.000000000000000000e+00	1.584325890925770253e+00	-8.300000000000000086e-04
1.961599999999999909e+03	0.000000000000000000e+00	1.584325139564153107e+00	-8.300000000000000086e-04
1.966599999999999909e+03	0.000000000000000000e+00	1.584324406861076451e+00	-8.300000000000000086e-04
1.971599999999999909e+03	0.000000000000000000e+00	1.584323692353193369e+00	-8.300000000000000086e-04
1.976599999999999909e+03	0.000000000000000000e+00	1.584322995588662852e+00	-8.300000000000000086e-04
1.981599999999999909e+03	0.000000000000000000e+00	1.584322316126865138e+00	-8.300000000000000086e-04
1.986599999999999909e+03	0.000000000000000000e+00	1.584321653538121932e+00	-8.300000000000000086e-04
1.991599999999999909e+03	0.000000000000000000e+00	1.584321007403424852e+00	-8.300000000000000086e-04
1.996599999999999909e+03	0.000000000000000000e+00	1.584320377314171413e+00	-8.300000000000000086e-04
2.001599999999999909e+03	0.000000000000000000e+00	1.584319762871905457e+00	-8.300000000000000086e-04
2.006599999999999909e+03	0.000000000000000000e+00	1.584319163688066023e+00	-8.300000000000000086e-04
2.011599999999999909e+03	0.000000000000000000e+00	1.584318579383740655e+00	-8.300000000000000086e-04
2.016599999999999909e+03	0.000000000000000000e+00	1.584318009589427145e+00	-8.300000000000000086e-04
2.021599999999999909e+03	0.000000000000000000e+00	1.584317453944798615e+00	-8.300000000000000086e-04
2.026599999999999909e+03	0.000000000000000000e+00	1.584316912098476360e+00	-8.300000000000000086e-04
2.031599999999999909e+03	0.000000000000000000e+00	1.584316383707807807e+00	-8.300000000000000086e-04
2.036599999999999909e+03	0.000000000000000000e+00	1.584315868438648689e+00	-8.300000000000000086e-04
2.041599999999999909e+03	0.000000000000000000e+00	1.584315365965153211e+00	-8.300000000000000086e-04
2.046599999999999909e+03	0.000000000000000000e+00	1.584314875969566883e+00	-8.300000000000000086e-04
2.051599999999999909e+03	0.000000000000000000e+00	1.584314398142026237e+00	-8.300000000000000086e-04
2.056599999999999909e+03	0.000000000000000000e+00	1.584313932180362539e+00	-8.300000000000000086e-04
2.061599999999999909e+03	0.000000000000000000e+00	1.584313477789910829e+00	-8.300000000000000086e-04
2.066599999999999909e+03	0.000000000000000000e+00	1.584313034683323629e+00	-8.300000000000000086e-04
2.071599999999999909e+03	0.000000000000000000e+00	1.584312602580389084e+00	-8.300000000000000086e-04
2.076599999999999909e+03	0.000000000000000000e+00	1.584312181207853554e+00	-8.300000000000000086e-04
2.081599999999999909e+03	0.000000000000000000e+00	1.584311770299249522e+00	-8.300000000000000086e-04
2.086599999999999909e+03	0.000000000000000000e+00	1.584311369594726626e+00	-8.300000000000000086e-04
2.091599999999999909e+03	0.000000000000000000e+00	1.584310978840887119e+00	-8.300000000000000086e-04
2.096599999999999909e+03	0.000000000000000000e+00	1.584310597790625996e+00	-8.300000000000000086e-04
2.101599999999999909e+03	0.000000000000000000e+00	1.584310226202974459e+00	-8.300000000000000086e-04
2.106599999999999909e+03	0.000000000000000000e+00	1.584309863842947808e+00	-8.300000000000000086e-04
2.111599999999999909e+03	0.000000000000000000e+00	1.584309510481397121e+00	-8.300000000000000086e-04
2.116599999999999909e+03	0.000000000000000000e+00	1.584309165894862925e+00	-8.300000000000000086e-04
2.121599999999999909e+03	0.000000000000000000e+00	1.584308829865435975e+00	-8.300000000000000086e-04
2.126599999999999909e+03	0.000000000000000000e+00	1.584308502180617584e+00	-8.300000000000000086e-04
2.131599999999999909e+03	0.000000000000000000e+00	1.584308182633186401e+00	-8.300000000000000086e-04
2.136599999999999909e+03	0.000000000000000000e+00	1.584307871021067182e+00	-8.300000000000000086e-04
2.141599999999999909e+03	0.000000000000000000e+00	1.584307567147202223e+00	-8.300000000000000086e-04
2.146599999999999909e+03	0.000000000000000000e+00	1.584307270819427682e+00	-8.300000000000000086e-04
2.151599999999999909e+03	0.000000000000000000e+00	1.584306981850352125e+00	-8.300000000000000086e-04
2.156599999999999909e+03	0.000000000000000000e+00	1.584306700057236839e+00	-8.300000000000000086e-04
2.161599999999999909e+03	0.000000000000000000e+00	1.584306425261881479e+00	-8.300000000000000086e-04
2.166599999999999909e+03	0.000000000000000000e+00	1.584306157290510830e+00	-8.300000000000000086e-04
2.171599999999999909e+03	0.000000000000000000e+00	1.584305895973665335e+00	-8.300000000000000086e-04
2.176599999999999909e+03	0.000000000000000000e+00	1.584305641146093180e+00	-8.300000000000000086e-04
2.181599999999999909e+03	0.000000000000000000e+00	1.584305392646646604e+00	-8.300000000000000086e-04
2.186599999999999909e+03	0.000000000000000000e+00	1.584305150318179090e+00	-8.300000000000000086e-04
2.191599999999999909e+03	0.000000000000000000e+00	1.584304914007447218e+00	-8.300000000000000086e-04
2.196599999999999909e+03	0.000000000000000000e+00	1.584304683565012750e+00	-8.300000000000000086e-04
2.201599999999999909e+03	0.000000000000000000e+00	1.584304458845148256e+00	-8.300000000000000086e-04
2.206599999999999909e+03	0.000000000000000000e+00	1.584304239705745410e+00	-8.300000000000000086e-04
2.211599999999999909e+03	0.000000000000000000e+00	1.584304026008224620e+00	-8.300000000000000086e-04
2.216599999999999909e+03	0.000000000000000000e+00	1.584303817617448207e+00	-8.300000000000000086e-04
2.221599999999999909e+03	0.000000000000000000e+00	1.584303614401633364e+00	-8.300000000000000086e-04
2.226599999999999909e+03	0.000000000000000000e+00	1.584303416232271111e+00	-8.300000000000000086e-04
2.231599999999999909e+03	0.000000000000000000e+00	1.584303222984042359e+00	-8.300000000000000086e-04
2.236599999999999909e+03	0.000000000000000000e+00	1.584303034534741306e+00	-8.300000000000000086e-04
2.241599999999999909e+03	0.000000000000000000e+00	1.584302850765195947e+00	-8.300000000000000086e-04
2.246599999999999909e+03	0.000000000000000000e+00	1.584302671559194353e+00	-8.300000000000000086e-04
2.251599999999999909e+03	0.000000000000000000e+00	1.584302496803409843e+00	-8.300000000000000086e-04
2.256599999999999909e+03	0.000000000000000000e+00	1.584302326387330595e+00	-8.300000000000000086e-04
2.261599999999999909e+03	0.000000000000000000e+00	1.584302160203188592e+00	-8.300000000000000086e-04
2.266599999999999909e+03	0.000000000000000000e+00	1.584301998145892565e+00	-8.300000000000000086e-04
2.271599999999999909e+03	0.000000000000000000e+00	1.584301840112960269e+00	-8.300000000000000086e-04
2.276599999999999909e+03	0.000000000000000000e+00	1.584301686004455201e+00	-8.300000000000000086e-04
2.281599999999999909e+03	0.000000000000000000e+00	1.584301535722921983e+00	-8.300000000000000086e-04
2.286599999999999909e+03	0.000000000000000000e+00	1.584301389173325525e+00	-8.300000000000000086e-04
2.291599999999999909e+03	0.000000000000000000e+00	1.584301246262990848e+00	-8.300000000000000086e-04
2.296599999999999909e+03	0.000000000000000000e+00	1.584301106901544243e+00	-8.300000000000000086e-04
2.301599999999999909e+03	0.000000000000000000e+00	1.584300971000856206e+00	-8.300000000000000086e-04
2.306599999999999909e+03	0.000000000000000000e+00	1.584300838474985929e+00	-8.300000000000000086e-04
2.311599999999999909e+03	0.000000000000000000e+00	1.584300709240126448e+00	-8.300000000000000086e-04
2.316599999999999909e+03	0.000000000000000000e+00	1.584300583214552471e+00	-8.300000000000000086e-04
2.321599999999999909e+03	0.000000000000000000e+00	1.584300460318567749e+00	-8.300000000000000086e-04
2.326599999999999909e+03	0.000000000000000000e+00	1.584300340474455338e+00	-8.300000000000000086e-04
2.331599999999999909e+03	0.000000000000000000e+00	1.584300223606428304e+00	-8.300000000000000086e-04
2.336599999999999909e+03	0.000000000000000000e+00	1.584300109640581322e+00	-8.300000000000000086e-04
2.341599999999999909e+03	0.000000000000000000e+00	1.584299998504844709e+00	-8.300000000000000086e-04
2.346599999999999909e+03	0.000000000000000000e+00	1.584299890128938681e+00	-8.300000000000000086e-04
2.351599999999999909e+03	0.000000000000000000e+00	1.584299784444328285e+00	-8.300000000000000086e-04
2.356599999999999909e+03	0.000000000000000000e+00	1.584299681384180536e+00	-8.300000000000000086e-04
2.361599999999999909e+03	0.000000000000000000e+00	1.584299580883322456e+00	-8.300000000000000086e-04
2.366599999999999909e+03	0.000000000000000000e+00	1.584299482878199106e+00	-8.300000000000000086e-04
2.371599999999999909e+03	0.000000000000000000e+00	1.584299387306833840e+00	-8.300000000000000086e-04
2.376599999999999909e+03	0.000000000000000000e+00	1.584299294108789669e+00	-8.300000000000000086e-04
2.381599999999999909e+03	0.000000000000000000e+00	1.584299203225129737e+00	-8.300000000000000086e-04
2.386599999999999909e+03	0.000000000000000000e+00	1.584299114598380909e+00	-8.300000000000000086e-04
2.391599999999999909e+03	0.000000000000000000e+00	1.584299028172497348e+00	-8.300000000000000086e-04
2.396599999999999909e+03	0.000000000000000000e+00	1.584298943892825440e+00	-8.300000000000000086e-04
2.401599999999999909e+03	0.000000000000000000e+00	1.584298861706067818e+00	-8.300000000000000086e-04
2.406599999999999909e+03	0.000000000000000000e+00	1.584298781560251612e+00	-8.300000000000000086e-04
2.411599999999999909e+03	0.000000000000000000e+00	1.584298703404694031e+00	-8.300000000000000086e-04
2.416599999999999909e+03	0.000000000000000000e+00	1.584298627189971054e+00	-8.300000000000000086e-04
2.421599999999999909e+03	0.000000000000000000e+00	1.584298552867886123e+00	-8.300000000000000086e-04
2.426599999999999909e+03	0.000000000000000000e+00	1.584298480391439279e+00	-8.300000000000000086e-04
2.431599999999999909e+03	0.000000000000000000e+00	1.584298409714797629e+00	-8.300000000000000086e-04
2.436599999999999909e+03	0.000000000000000000e+00	1.584298340793267146e+00	-8.300000000000000086e-04
2.441599999999999909e+03	0.000000000000000000e+00	1.584298273583262917e+00	-8.300000000000000086e-04
2.446599999999999909e+03	0.000000000000000000e+00	1.584298208042282496e+00	-8.300000000000000086e-04
2.451599999999999909e+03	0.000000000000000000e+00	1.584298144128879482e+00	-8.300000000000000086e-04
2.456599999999999909e+03	0.000000000000000000e+00	1.584298081802635982e+00	-8.300000000000000086e-04
2.461599999999999909e+03	0.000000000000000000e+00	1.584298021024138414e+00	-8.300000000000000086e-04
2.466599999999999909e+03	0.000000000000000000e+00	1.584297961754951301e+00	-8.300000000000000086e-04
2.471599999999999909e+03	0.000000000000000000e+00	1.584297903957594178e+00	-8.300000000000000086e-04
2.476599999999999909e+03	0.000000000000000000e+00	1.584297847595516950e+00	-8.300000000000000086e-04
2.481599999999999909e+03	0.000000000000000000e+00	1.584297792633077684e+00	-8.300000000000000086e-04
2.486599999999999909e+03	0.000000000000000000e+00	1.584297739035518848e+00	-8.300000000000000086e-04
2.491599999999999909e+03	0.000000000000000000e+00	1.584297686768946667e+00	-8.300000000000000086e-04
2.496599999999999909e+03	0.000000000000000000e+00	1.584297635800308690e+00	-8.300000000000000086e-04
2.501599999999999909e+03	0.000000000000000000e+00	1.584297586097373367e+00	-8.300000000000000086e-04
2.506599999999999909e+03	0.000000000000000000e+00	1.584297537628709618e+00	-8.300000000000000086e-04
2.511599999999999909e+03	0.000000000000000000e+00	1.584297490363666627e+00	-8.300000000000000086e-04
2.516599999999999909e+03	0.000000000000000000e+00	1.584297444272354971e+00	-8.300000000000000086e-04
2.521599999999999909e+03	0.000000000000000000e+00	1.584297399325627742e+00	-8.300000000000000086e-04
2.526599999999999909e+03	0.000000000000000000e+00	1.584297355495061010e+00	-8.300000000000000086e-04
2.531599999999999909e+03	0.000000000000000000e+00	1.584297312752937392e+00	-8.300000000000000086e-04
2.536599999999999909e+03	0.000000000000000000e+00	1.584297271072227842e+00	-8.300000000000000086e-04
2.541599999999999909e+03	0.000000000000000000e+00	1.584297230426573888e+00	-8.300000000000000086e-04
2.546599999999999909e+03	0.000000000000000000e+00	1.584297190790272536e+00	-8.300000000000000086e-04
2.551599999999999909e+03	0.000000000000000000e+00	1.584297152138258058e+00	-8.300000000000000086e-04
2.556599999999999909e+03	0.000000000000000000e+00	1.584297114446087784e+00	-8.300000000000000086e-04
2.561599999999999909e+03	0.000000000000000000e+00	1.584297077689926336e+00	-8.300000000000000086e-04
2.566599999999999909e+03	0.000000000000000000e+00	1.584297041846529197e+00	-8.300000000000000086e-04
2.571599999999999909e+03	0.000000000000000000e+00	1.584297006893230275e+00	-8.300000000000000086e-04
2.576599999999999909e+03	0.000000000000000000e+00	1.584296972807925696e+00	-8.300000000000000086e-04
2.581599999999999909e+03	0.000000000000000000e+00	1.584296939569060259e+00	-8.300000000000000086e-04
2.586599999999999909e+03	0.000000000000000000e+00	1.584296907155614553e+00	-8.300000000000000086e-04
2.591599999999999909e+03	0.000000000000000000e+00	1.584296875547090977e+00	-8.300000000000000086e-04
2.596599999999999909e+03	0.000000000000000000e+00	1.584296844723501074e+00	-8.300000000000000086e-04
