3.008999999999999773e+02	0.000000000000000000e+00	2.044000000000000039e+00	-3.153000000000000247e-01
3.016999999999999886e+02	0.000000000000000000e+00	2.044999999999999929e+00	-3.150999999999999912e-01
3.023999999999999773e+02	0.000000000000000000e+00	2.044999999999999929e+00	-3.149000000000000132e-01
3.031000000000000227e+02	0.000000000000000000e+00	2.045999999999999819e+00	-3.146999999999999797e-01
3.038999999999999773e+02	0.000000000000000000e+00	2.047000000000000153e+00	-3.144000000000000128e-01
3.046000000000000227e+02	0.000000000000000000e+00	2.048000000000000043e+00	-3.141999999999999793e-01
3.053999999999999773e+02	0.000000000000000000e+00	2.048999999999999932e+00	-3.139000000000000123e-01
3.061000000000000227e+02	0.000000000000000000e+00	2.049999999999999822e+00	-3.136999999999999789e-01
3.068999999999999773e+02	0.000000000000000000e+00	2.049999999999999822e+00	-3.134000000000000119e-01
3.076999999999999886e+02	0.000000000000000000e+00	2.051000000000000156e+00	-3.131999999999999784e-01
3.083999999999999773e+02	0.000000000000000000e+00	2.052000000000000046e+00	-3.129000000000000115e-01
3.091999999999999886e+02	0.000000000000000000e+00	2.052999999999999936e+00	-3.125999999999999890e-01
3.100000000000000000e+02	0.000000000000000000e+00	2.053999999999999826e+00	-3.123000000000000220e-01
3.106999999999999886e+02	0.000000000000000000e+00	2.053999999999999826e+00	-3.119999999999999996e-01
3.115000000000000000e+02	0.000000000000000000e+00	2.055000000000000160e+00	-3.116999999999999771e-01
3.123000000000000114e+02	0.000000000000000000e+00	2.056000000000000050e+00	-3.114000000000000101e-01
3.131000000000000227e+02	0.000000000000000000e+00	2.056999999999999940e+00	-3.110999999999999877e-01
3.138999999999999773e+02	0.000000000000000000e+00	2.057999999999999829e+00	-3.108000000000000207e-01
3.146999999999999886e+02	0.000000000000000000e+00	2.059000000000000163e+00	-3.104999999999999982e-01
3.155000000000000000e+02	0.000000000000000000e+00	2.060000000000000053e+00	-3.101999999999999758e-01
3.163000000000000114e+02	0.000000000000000000e+00	2.060000000000000053e+00	-3.098000000000000198e-01
3.171000000000000227e+02	0.000000000000000000e+00	2.060999999999999943e+00	-3.094999999999999973e-01
3.178999999999999773e+02	0.000000000000000000e+00	2.061999999999999833e+00	-3.090999999999999859e-01
3.186999999999999886e+02	0.000000000000000000e+00	2.063000000000000167e+00	-3.088000000000000189e-01
3.195000000000000000e+02	0.000000000000000000e+00	2.064000000000000057e+00	-3.084000000000000075e-01
3.203999999999999773e+02	0.000000000000000000e+00	2.064999999999999947e+00	-3.080999999999999850e-01
3.211999999999999886e+02	0.000000000000000000e+00	2.065999999999999837e+00	-3.076999999999999735e-01
3.220000000000000000e+02	0.000000000000000000e+00	2.065999999999999837e+00	-3.073000000000000176e-01
3.228999999999999773e+02	0.000000000000000000e+00	2.067000000000000171e+00	-3.069000000000000061e-01
3.236999999999999886e+02	0.000000000000000000e+00	2.068000000000000060e+00	-3.064999999999999947e-01
3.246000000000000227e+02	0.000000000000000000e+00	2.068999999999999950e+00	-3.060999999999999832e-01
3.253999999999999773e+02	0.000000000000000000e+00	2.069999999999999840e+00	-3.057000000000000273e-01
3.263000000000000114e+02	0.000000000000000000e+00	2.071000000000000174e+00	-3.053000000000000158e-01
3.271000000000000227e+02	0.000000000000000000e+00	2.072000000000000064e+00	-3.049000000000000044e-01
3.280000000000000000e+02	0.000000000000000000e+00	2.072999999999999954e+00	-3.044000000000000039e-01
3.288999999999999773e+02	0.000000000000000000e+00	2.072999999999999954e+00	-3.039999999999999925e-01
3.296999999999999886e+02	0.000000000000000000e+00	2.073999999999999844e+00	-3.035999999999999810e-01
3.306000000000000227e+02	0.000000000000000000e+00	2.075000000000000178e+00	-3.030999999999999805e-01
3.315000000000000000e+02	0.000000000000000000e+00	2.076000000000000068e+00	-3.025999999999999801e-01
3.323999999999999773e+02	0.000000000000000000e+00	2.076999999999999957e+00	-3.022000000000000242e-01
3.333000000000000114e+02	0.000000000000000000e+00	2.077999999999999847e+00	-3.017000000000000237e-01
3.341999999999999886e+02	0.000000000000000000e+00	2.079000000000000181e+00	-3.012000000000000233e-01
3.351000000000000227e+02	0.000000000000000000e+00	2.080000000000000071e+00	-3.007000000000000228e-01
3.360000000000000000e+02	0.000000000000000000e+00	2.080999999999999961e+00	-3.002000000000000224e-01
3.368999999999999773e+02	0.000000000000000000e+00	2.080999999999999961e+00	-2.997000000000000219e-01
3.378000000000000114e+02	0.000000000000000000e+00	2.081999999999999851e+00	-2.992000000000000215e-01
3.388000000000000114e+02	0.000000000000000000e+00	2.083000000000000185e+00	-2.987000000000000210e-01
3.396999999999999886e+02	0.000000000000000000e+00	2.084000000000000075e+00	-2.980999999999999761e-01
3.406000000000000227e+02	0.000000000000000000e+00	2.084999999999999964e+00	-2.975999999999999757e-01
3.416000000000000227e+02	0.000000000000000000e+00	2.085999999999999854e+00	-2.969999999999999862e-01
3.425000000000000000e+02	0.000000000000000000e+00	2.087000000000000188e+00	-2.964999999999999858e-01
3.433999999999999773e+02	0.000000000000000000e+00	2.088000000000000078e+00	-2.958999999999999964e-01
3.443999999999999773e+02	0.000000000000000000e+00	2.088999999999999968e+00	-2.953000000000000069e-01
3.453999999999999773e+02	0.000000000000000000e+00	2.089999999999999858e+00	-2.947000000000000175e-01
3.463000000000000114e+02	0.000000000000000000e+00	2.089999999999999858e+00	-2.940999999999999726e-01
3.473000000000000114e+02	0.000000000000000000e+00	2.091000000000000192e+00	-2.934999999999999831e-01
3.483000000000000114e+02	0.000000000000000000e+00	2.092000000000000082e+00	-2.928999999999999937e-01
3.493000000000000114e+02	0.000000000000000000e+00	2.092999999999999972e+00	-2.923000000000000043e-01
3.501999999999999886e+02	0.000000000000000000e+00	2.093999999999999861e+00	-2.917000000000000148e-01
3.511999999999999886e+02	0.000000000000000000e+00	2.095000000000000195e+00	-2.909999999999999809e-01
3.521999999999999886e+02	0.000000000000000000e+00	2.096000000000000085e+00	-2.903999999999999915e-01
3.531999999999999886e+02	0.000000000000000000e+00	2.096999999999999975e+00	-2.897000000000000131e-01
3.541999999999999886e+02	0.000000000000000000e+00	2.097999999999999865e+00	-2.889999999999999791e-01
3.553000000000000114e+02	0.000000000000000000e+00	2.099000000000000199e+00	-2.883999999999999897e-01
3.563000000000000114e+02	0.000000000000000000e+00	2.099000000000000199e+00	-2.877000000000000113e-01
3.573000000000000114e+02	0.000000000000000000e+00	2.100000000000000089e+00	-2.869999999999999774e-01
3.583000000000000114e+02	0.000000000000000000e+00	2.100999999999999979e+00	-2.862999999999999989e-01
3.593999999999999773e+02	0.000000000000000000e+00	2.101999999999999869e+00	-2.854999999999999760e-01
3.603999999999999773e+02	0.000000000000000000e+00	2.103000000000000203e+00	-2.847999999999999976e-01
3.615000000000000000e+02	0.000000000000000000e+00	2.104000000000000092e+00	-2.841000000000000192e-01
3.625000000000000000e+02	0.000000000000000000e+00	2.104999999999999982e+00	-2.832999999999999963e-01
3.636000000000000227e+02	0.000000000000000000e+00	2.105999999999999872e+00	-2.826000000000000179e-01
3.646999999999999886e+02	0.000000000000000000e+00	2.107000000000000206e+00	-2.817999999999999949e-01
3.656999999999999886e+02	0.000000000000000000e+00	2.108000000000000096e+00	-2.810000000000000275e-01
3.668000000000000114e+02	0.000000000000000000e+00	2.108000000000000096e+00	-2.802999999999999936e-01
3.678999999999999773e+02	0.000000000000000000e+00	2.108999999999999986e+00	-2.795000000000000262e-01
3.690000000000000000e+02	0.000000000000000000e+00	2.109999999999999876e+00	-2.787000000000000033e-01
3.701000000000000227e+02	0.000000000000000000e+00	2.111000000000000210e+00	-2.777999999999999914e-01
3.711999999999999886e+02	0.000000000000000000e+00	2.112000000000000099e+00	-2.770000000000000240e-01
3.723000000000000114e+02	0.000000000000000000e+00	2.112999999999999989e+00	-2.762000000000000011e-01
3.733999999999999773e+02	0.000000000000000000e+00	2.113999999999999879e+00	-2.752999999999999892e-01
3.746000000000000227e+02	0.000000000000000000e+00	2.115000000000000213e+00	-2.745000000000000218e-01
3.756999999999999886e+02	0.000000000000000000e+00	2.115000000000000213e+00	-2.736000000000000099e-01
3.768999999999999773e+02	0.000000000000000000e+00	2.116000000000000103e+00	-2.726999999999999980e-01
3.780000000000000000e+02	0.000000000000000000e+00	2.116999999999999993e+00	-2.717999999999999861e-01
3.791999999999999886e+02	0.000000000000000000e+00	2.117999999999999883e+00	-2.708999999999999742e-01
3.803000000000000114e+02	0.000000000000000000e+00	2.119000000000000217e+00	-2.700000000000000178e-01
3.815000000000000000e+02	0.000000000000000000e+00	2.120000000000000107e+00	-2.691000000000000059e-01
3.826999999999999886e+02	0.000000000000000000e+00	2.120999999999999996e+00	-2.681999999999999940e-01
3.838999999999999773e+02	0.000000000000000000e+00	2.120999999999999996e+00	-2.671999999999999931e-01
3.850000000000000000e+02	0.000000000000000000e+00	2.121999999999999886e+00	-2.662999999999999812e-01
3.861999999999999886e+02	0.000000000000000000e+00	2.123000000000000220e+00	-2.652999999999999803e-01
3.875000000000000000e+02	0.000000000000000000e+00	2.124000000000000110e+00	-2.642999999999999794e-01
3.886999999999999886e+02	0.000000000000000000e+00	2.125000000000000000e+00	-2.632999999999999785e-01
3.898999999999999773e+02	0.000000000000000000e+00	2.125999999999999890e+00	-2.624000000000000221e-01
3.911000000000000227e+02	0.000000000000000000e+00	2.125999999999999890e+00	-2.612999999999999767e-01
3.923999999999999773e+02	0.000000000000000000e+00	2.126999999999999780e+00	-2.602999999999999758e-01
3.936000000000000227e+02	0.000000000000000000e+00	2.128000000000000114e+00	-2.592999999999999750e-01
3.948999999999999773e+02	0.000000000000000000e+00	2.129000000000000004e+00	-2.582999999999999741e-01
3.961000000000000227e+02	0.000000000000000000e+00	2.129999999999999893e+00	-2.571999999999999842e-01
3.973999999999999773e+02	0.000000000000000000e+00	2.129999999999999893e+00	-2.561999999999999833e-01
3.986999999999999886e+02	0.000000000000000000e+00	2.130999999999999783e+00	-2.550999999999999934e-01
4.000000000000000000e+02	0.000000000000000000e+00	2.132000000000000117e+00	-2.540000000000000036e-01
4.011999999999999886e+02	0.000000000000000000e+00	2.133000000000000007e+00	-2.529000000000000137e-01
4.025000000000000000e+02	0.000000000000000000e+00	2.133999999999999897e+00	-2.518000000000000238e-01
4.038999999999999773e+02	0.000000000000000000e+00	2.133999999999999897e+00	-2.506999999999999784e-01
4.051999999999999886e+02	0.000000000000000000e+00	2.134999999999999787e+00	-2.495999999999999885e-01
4.065000000000000000e+02	0.000000000000000000e+00	2.136000000000000121e+00	-2.484000000000000097e-01
4.078000000000000114e+02	0.000000000000000000e+00	2.137000000000000011e+00	-2.472999999999999921e-01
4.091999999999999886e+02	0.000000000000000000e+00	2.137000000000000011e+00	-2.461000000000000132e-01
4.105000000000000000e+02	0.000000000000000000e+00	2.137999999999999901e+00	-2.449999999999999956e-01
4.118999999999999773e+02	0.000000000000000000e+00	2.138999999999999790e+00	-2.437999999999999889e-01
4.133000000000000114e+02	0.000000000000000000e+00	2.138999999999999790e+00	-2.426000000000000101e-01
4.146999999999999886e+02	0.000000000000000000e+00	2.140000000000000124e+00	-2.414000000000000035e-01
4.161000000000000227e+02	0.000000000000000000e+00	2.141000000000000014e+00	-2.401999999999999968e-01
4.175000000000000000e+02	0.000000000000000000e+00	2.141999999999999904e+00	-2.389999999999999902e-01
4.188999999999999773e+02	0.000000000000000000e+00	2.141999999999999904e+00	-2.378000000000000114e-01
4.203000000000000114e+02	0.000000000000000000e+00	2.142999999999999794e+00	-2.364999999999999880e-01
4.216999999999999886e+02	0.000000000000000000e+00	2.144000000000000128e+00	-2.353000000000000091e-01
4.231999999999999886e+02	0.000000000000000000e+00	2.144000000000000128e+00	-2.340000000000000135e-01
4.246000000000000227e+02	0.000000000000000000e+00	2.145000000000000018e+00	-2.328000000000000069e-01
4.261000000000000227e+02	0.000000000000000000e+00	2.145000000000000018e+00	-2.315000000000000113e-01
4.275000000000000000e+02	0.000000000000000000e+00	2.145999999999999908e+00	-2.301999999999999880e-01
4.290000000000000000e+02	0.000000000000000000e+00	2.146999999999999797e+00	-2.288999999999999924e-01
4.305000000000000000e+02	0.000000000000000000e+00	2.146999999999999797e+00	-2.275999999999999968e-01
4.320000000000000000e+02	0.000000000000000000e+00	2.148000000000000131e+00	-2.263000000000000012e-01
4.335000000000000000e+02	0.000000000000000000e+00	2.149000000000000021e+00	-2.248999999999999888e-01
4.350000000000000000e+02	0.000000000000000000e+00	2.149000000000000021e+00	-2.235999999999999932e-01
4.366000000000000227e+02	0.000000000000000000e+00	2.149999999999999911e+00	-2.222999999999999976e-01
4.381000000000000227e+02	0.000000000000000000e+00	2.149999999999999911e+00	-2.209000000000000130e-01
4.396999999999999886e+02	0.000000000000000000e+00	2.150999999999999801e+00	-2.195000000000000007e-01
4.411999999999999886e+02	0.000000000000000000e+00	2.150999999999999801e+00	-2.182000000000000051e-01
4.428000000000000114e+02	0.000000000000000000e+00	2.152000000000000135e+00	-2.167999999999999927e-01
4.443999999999999773e+02	0.000000000000000000e+00	2.152000000000000135e+00	-2.154000000000000081e-01
4.460000000000000000e+02	0.000000000000000000e+00	2.153000000000000025e+00	-2.139999999999999958e-01
4.476000000000000227e+02	0.000000000000000000e+00	2.153000000000000025e+00	-2.126000000000000112e-01
4.491999999999999886e+02	0.000000000000000000e+00	2.153999999999999915e+00	-2.111999999999999988e-01
4.508999999999999773e+02	0.000000000000000000e+00	2.153999999999999915e+00	-2.097999999999999865e-01
4.525000000000000000e+02	0.000000000000000000e+00	2.154999999999999805e+00	-2.083000000000000129e-01
4.541999999999999886e+02	0.000000000000000000e+00	2.154999999999999805e+00	-2.069000000000000006e-01
4.558000000000000114e+02	0.000000000000000000e+00	2.156000000000000139e+00	-2.053999999999999992e-01
4.575000000000000000e+02	0.000000000000000000e+00	2.156000000000000139e+00	-2.039999999999999869e-01
4.591999999999999886e+02	0.000000000000000000e+00	2.156000000000000139e+00	-2.025000000000000133e-01
4.608999999999999773e+02	0.000000000000000000e+00	2.157000000000000028e+00	-2.011000000000000010e-01
4.626000000000000227e+02	0.000000000000000000e+00	2.157000000000000028e+00	-1.995999999999999996e-01
4.643999999999999773e+02	0.000000000000000000e+00	2.157999999999999918e+00	-1.980999999999999983e-01
4.661000000000000227e+02	0.000000000000000000e+00	2.157999999999999918e+00	-1.965999999999999970e-01
4.678999999999999773e+02	0.000000000000000000e+00	2.157999999999999918e+00	-1.950999999999999956e-01
4.696000000000000227e+02	0.000000000000000000e+00	2.158999999999999808e+00	-1.935999999999999943e-01
4.713999999999999773e+02	0.000000000000000000e+00	2.158999999999999808e+00	-1.920999999999999930e-01
4.731999999999999886e+02	0.000000000000000000e+00	2.158999999999999808e+00	-1.905999999999999917e-01
4.750000000000000000e+02	0.000000000000000000e+00	2.158999999999999808e+00	-1.890999999999999903e-01
4.768999999999999773e+02	0.000000000000000000e+00	2.160000000000000142e+00	-1.875000000000000000e-01
4.786999999999999886e+02	0.000000000000000000e+00	2.160000000000000142e+00	-1.859999999999999987e-01
4.806000000000000227e+02	0.000000000000000000e+00	2.160000000000000142e+00	-1.844999999999999973e-01
4.823999999999999773e+02	0.000000000000000000e+00	2.160000000000000142e+00	-1.829000000000000070e-01
4.843000000000000114e+02	0.000000000000000000e+00	2.161000000000000032e+00	-1.814000000000000057e-01
4.861999999999999886e+02	0.000000000000000000e+00	2.161000000000000032e+00	-1.797999999999999876e-01
4.881000000000000227e+02	0.000000000000000000e+00	2.161000000000000032e+00	-1.782999999999999863e-01
4.901000000000000227e+02	0.000000000000000000e+00	2.161000000000000032e+00	-1.766999999999999960e-01
4.920000000000000000e+02	0.000000000000000000e+00	2.161000000000000032e+00	-1.751000000000000056e-01
4.940000000000000000e+02	0.000000000000000000e+00	2.161000000000000032e+00	-1.734999999999999876e-01
4.958999999999999773e+02	0.000000000000000000e+00	2.161999999999999922e+00	-1.719999999999999862e-01
4.978999999999999773e+02	0.000000000000000000e+00	2.161999999999999922e+00	-1.703999999999999959e-01
4.998999999999999773e+02	0.000000000000000000e+00	2.161999999999999922e+00	-1.688000000000000056e-01
5.020000000000000000e+02	0.000000000000000000e+00	2.161999999999999922e+00	-1.671999999999999875e-01
5.040000000000000000e+02	0.000000000000000000e+00	2.161999999999999922e+00	-1.655999999999999972e-01
5.061000000000000227e+02	0.000000000000000000e+00	2.161999999999999922e+00	-1.640000000000000069e-01
5.081000000000000227e+02	0.000000000000000000e+00	2.161999999999999922e+00	-1.625000000000000056e-01
5.101999999999999886e+02	0.000000000000000000e+00	2.161999999999999922e+00	-1.608999999999999875e-01
5.122999999999999545e+02	0.000000000000000000e+00	2.161999999999999922e+00	-1.592999999999999972e-01
5.145000000000000000e+02	0.000000000000000000e+00	2.161999999999999922e+00	-1.577000000000000068e-01
5.166000000000000227e+02	0.000000000000000000e+00	2.161999999999999922e+00	-1.560999999999999888e-01
5.187999999999999545e+02	0.000000000000000000e+00	2.161999999999999922e+00	-1.544999999999999984e-01
5.208999999999999773e+02	0.000000000000000000e+00	2.161999999999999922e+00	-1.529000000000000081e-01
5.231000000000000227e+02	0.000000000000000000e+00	2.161999999999999922e+00	-1.512000000000000011e-01
5.253999999999999773e+02	0.000000000000000000e+00	2.161999999999999922e+00	-1.496000000000000107e-01
5.276000000000000227e+02	0.000000000000000000e+00	2.161999999999999922e+00	-1.479999999999999927e-01
5.298999999999999773e+02	0.000000000000000000e+00	2.161000000000000032e+00	-1.464000000000000024e-01
5.321000000000000227e+02	0.000000000000000000e+00	2.161000000000000032e+00	-1.448000000000000120e-01
5.343999999999999773e+02	0.000000000000000000e+00	2.161000000000000032e+00	-1.431999999999999940e-01
5.367000000000000455e+02	0.000000000000000000e+00	2.161000000000000032e+00	-1.416000000000000036e-01
5.391000000000000227e+02	0.000000000000000000e+00	2.161000000000000032e+00	-1.400000000000000133e-01
5.413999999999999773e+02	0.000000000000000000e+00	2.160000000000000142e+00	-1.383999999999999952e-01
5.437999999999999545e+02	0.000000000000000000e+00	2.160000000000000142e+00	-1.368000000000000049e-01
5.462000000000000455e+02	0.000000000000000000e+00	2.160000000000000142e+00	-1.351999999999999869e-01
5.486000000000000227e+02	0.000000000000000000e+00	2.160000000000000142e+00	-1.335999999999999965e-01
5.510000000000000000e+02	0.000000000000000000e+00	2.158999999999999808e+00	-1.320000000000000062e-01
5.535000000000000000e+02	0.000000000000000000e+00	2.158999999999999808e+00	-1.303999999999999881e-01
5.560000000000000000e+02	0.000000000000000000e+00	2.158999999999999808e+00	-1.287999999999999978e-01
5.585000000000000000e+02	0.000000000000000000e+00	2.158999999999999808e+00	-1.272000000000000075e-01
5.610000000000000000e+02	0.000000000000000000e+00	2.157999999999999918e+00	-1.257000000000000062e-01
5.636000000000000227e+02	0.000000000000000000e+00	2.157999999999999918e+00	-1.241000000000000020e-01
5.661000000000000227e+02	0.000000000000000000e+00	2.157000000000000028e+00	-1.224999999999999978e-01
5.687000000000000455e+02	0.000000000000000000e+00	2.157000000000000028e+00	-1.208999999999999936e-01
5.713999999999999773e+02	0.000000000000000000e+00	2.157000000000000028e+00	-1.194000000000000061e-01
5.740000000000000000e+02	0.000000000000000000e+00	2.156000000000000139e+00	-1.178000000000000019e-01
5.767000000000000455e+02	0.000000000000000000e+00	2.156000000000000139e+00	-1.161999999999999977e-01
5.793999999999999773e+02	0.000000000000000000e+00	2.154999999999999805e+00	-1.146999999999999964e-01
5.821000000000000227e+02	0.000000000000000000e+00	2.154999999999999805e+00	-1.131000000000000061e-01
5.847999999999999545e+02	0.000000000000000000e+00	2.153999999999999915e+00	-1.116000000000000048e-01
5.876000000000000227e+02	0.000000000000000000e+00	2.153999999999999915e+00	-1.100000000000000006e-01
5.903999999999999773e+02	0.000000000000000000e+00	2.153000000000000025e+00	-1.084999999999999992e-01
5.932000000000000455e+02	0.000000000000000000e+00	2.153000000000000025e+00	-1.069999999999999979e-01
5.961000000000000227e+02	0.000000000000000000e+00	2.152000000000000135e+00	-1.054999999999999966e-01
5.990000000000000000e+02	0.000000000000000000e+00	2.152000000000000135e+00	-1.039000000000000062e-01
6.018999999999999773e+02	0.000000000000000000e+00	2.150999999999999801e+00	-1.024000000000000049e-01
6.047999999999999545e+02	0.000000000000000000e+00	2.150999999999999801e+00	-1.009000000000000036e-01
6.077999999999999545e+02	0.000000000000000000e+00	2.149999999999999911e+00	-9.940000000000000224e-02
6.107999999999999545e+02	0.000000000000000000e+00	2.149000000000000021e+00	-9.800000000000000377e-02
6.137999999999999545e+02	0.000000000000000000e+00	2.149000000000000021e+00	-9.650000000000000244e-02
6.167999999999999545e+02	0.000000000000000000e+00	2.148000000000000131e+00	-9.500000000000000111e-02
6.198999999999999773e+02	0.000000000000000000e+00	2.146999999999999797e+00	-9.349999999999999978e-02
6.230000000000000000e+02	0.000000000000000000e+00	2.146999999999999797e+00	-9.210000000000000131e-02
6.262000000000000455e+02	0.000000000000000000e+00	2.145999999999999908e+00	-9.059999999999999998e-02
6.293999999999999773e+02	0.000000000000000000e+00	2.145000000000000018e+00	-8.920000000000000151e-02
6.326000000000000227e+02	0.000000000000000000e+00	2.145000000000000018e+00	-8.780000000000000304e-02
6.357999999999999545e+02	0.000000000000000000e+00	2.144000000000000128e+00	-8.630000000000000171e-02
6.391000000000000227e+02	0.000000000000000000e+00	2.142999999999999794e+00	-8.490000000000000324e-02
6.423999999999999773e+02	0.000000000000000000e+00	2.141999999999999904e+00	-8.350000000000000477e-02
6.457999999999999545e+02	0.000000000000000000e+00	2.141999999999999904e+00	-8.210000000000000631e-02
6.491000000000000227e+02	0.000000000000000000e+00	2.141000000000000014e+00	-8.069999999999999396e-02
6.526000000000000227e+02	0.000000000000000000e+00	2.140000000000000124e+00	-7.939999999999999836e-02
6.560000000000000000e+02	0.000000000000000000e+00	2.138999999999999790e+00	-7.799999999999999989e-02
6.595000000000000000e+02	0.000000000000000000e+00	2.137999999999999901e+00	-7.660000000000000142e-02
6.630000000000000000e+02	0.000000000000000000e+00	2.137999999999999901e+00	-7.530000000000000582e-02
6.666000000000000227e+02	0.000000000000000000e+00	2.137000000000000011e+00	-7.399999999999999634e-02
6.702000000000000455e+02	0.000000000000000000e+00	2.136000000000000121e+00	-7.259999999999999787e-02
6.737999999999999545e+02	0.000000000000000000e+00	2.134999999999999787e+00	-7.130000000000000226e-02
6.775000000000000000e+02	0.000000000000000000e+00	2.133999999999999897e+00	-7.000000000000000666e-02
6.812000000000000455e+02	0.000000000000000000e+00	2.133000000000000007e+00	-6.869999999999999718e-02
6.850000000000000000e+02	0.000000000000000000e+00	2.132000000000000117e+00	-6.740000000000000158e-02
6.887999999999999545e+02	0.000000000000000000e+00	2.130999999999999783e+00	-6.619999999999999496e-02
6.927000000000000455e+02	0.000000000000000000e+00	2.129999999999999893e+00	-6.489999999999999936e-02
6.965000000000000000e+02	0.000000000000000000e+00	2.129000000000000004e+00	-6.370000000000000662e-02
7.005000000000000000e+02	0.000000000000000000e+00	2.129000000000000004e+00	-6.239999999999999714e-02
7.045000000000000000e+02	0.000000000000000000e+00	2.128000000000000114e+00	-6.119999999999999746e-02
7.085000000000000000e+02	0.000000000000000000e+00	2.126999999999999780e+00	-5.999999999999999778e-02
7.126000000000000227e+02	0.000000000000000000e+00	2.125999999999999890e+00	-5.879999999999999810e-02
7.167000000000000455e+02	0.000000000000000000e+00	2.125000000000000000e+00	-5.759999999999999842e-02
7.207999999999999545e+02	0.000000000000000000e+00	2.124000000000000110e+00	-5.639999999999999875e-02
7.251000000000000227e+02	0.000000000000000000e+00	2.123000000000000220e+00	-5.530000000000000193e-02
7.292999999999999545e+02	0.000000000000000000e+00	2.121999999999999886e+00	-5.410000000000000225e-02
7.336000000000000227e+02	0.000000000000000000e+00	2.120999999999999996e+00	-5.299999999999999850e-02
7.380000000000000000e+02	0.000000000000000000e+00	2.120000000000000107e+00	-5.190000000000000169e-02
7.423999999999999773e+02	0.000000000000000000e+00	2.119000000000000217e+00	-5.070000000000000201e-02
7.468999999999999773e+02	0.000000000000000000e+00	2.117999999999999883e+00	-4.959999999999999826e-02
7.513999999999999773e+02	0.000000000000000000e+00	2.116999999999999993e+00	-4.859999999999999737e-02
7.560000000000000000e+02	0.000000000000000000e+00	2.115000000000000213e+00	-4.750000000000000056e-02
7.606000000000000227e+02	0.000000000000000000e+00	2.113999999999999879e+00	-4.639999999999999680e-02
7.652999999999999545e+02	0.000000000000000000e+00	2.112999999999999989e+00	-4.540000000000000285e-02
7.701000000000000227e+02	0.000000000000000000e+00	2.112000000000000099e+00	-4.429999999999999910e-02
7.748999999999999773e+02	0.000000000000000000e+00	2.111000000000000210e+00	-4.329999999999999821e-02
7.797999999999999545e+02	0.000000000000000000e+00	2.109999999999999876e+00	-4.229999999999999732e-02
7.847000000000000455e+02	0.000000000000000000e+00	2.108999999999999986e+00	-4.130000000000000338e-02
7.897000000000000455e+02	0.000000000000000000e+00	2.108000000000000096e+00	-4.030000000000000249e-02
7.947999999999999545e+02	0.000000000000000000e+00	2.107000000000000206e+00	-3.930000000000000160e-02
7.998999999999999773e+02	0.000000000000000000e+00	2.105999999999999872e+00	-3.839999999999999664e-02
8.051000000000000227e+02	0.000000000000000000e+00	2.104000000000000092e+00	-3.740000000000000269e-02
8.103999999999999773e+02	0.000000000000000000e+00	2.103000000000000203e+00	-3.649999999999999772e-02
8.157000000000000455e+02	0.000000000000000000e+00	2.101999999999999869e+00	-3.559999999999999970e-02
8.211000000000000227e+02	0.000000000000000000e+00	2.100999999999999979e+00	-3.470000000000000168e-02
8.266000000000000227e+02	0.000000000000000000e+00	2.100000000000000089e+00	-3.379999999999999671e-02
8.266000000000000227e+02	0.000000000000000000e+00	2.099872548081837209e+00	-3.377708117912714414e-02
8.316000000000000227e+02	0.000000000000000000e+00	2.098848366918036668e+00	-3.298495325862328686e-02
8.366000000000000227e+02	0.000000000000000000e+00	2.097834481373210824e+00	-3.221326133891302262e-02
8.416000000000000227e+02	0.000000000000000000e+00	2.096830787950270114e+00	-3.146147819438341320e-02
8.466000000000000227e+02	0.000000000000000000e+00	2.095837184192532288e+00	-3.072909020124357099e-02
8.516000000000000227e+02	0.000000000000000000e+00	2.094853568673265443e+00	-3.001559698661311962e-02
8.566000000000000227e+02	0.000000000000000000e+00	2.093879840985333640e+00	-2.932051108666380509e-02
8.616000000000000227e+02	0.000000000000000000e+00	2.092915901730946882e+00	-2.864335761358054178e-02
8.666000000000000227e+02	0.000000000000000000e+00	2.091961652511515446e+00	-2.798367393111457838e-02
8.716000000000000227e+02	0.000000000000000000e+00	2.091016995917605481e+00	-2.734100933850702395e-02
8.766000000000000227e+02	0.000000000000000000e+00	2.090081835518994513e+00	-2.671492476256672605e-02
8.816000000000000227e+02	0.000000000000000000e+00	2.089156075854828210e+00	-2.610499245769223875e-02
8.866000000000000227e+02	0.000000000000000000e+00	2.088239622423876618e+00	-2.551079571363290902e-02
8.916000000000000227e+02	0.000000000000000000e+00	2.087332381674886772e+00	-2.493192857078928640e-02
8.966000000000000227e+02	0.000000000000000000e+00	2.086434260997032997e+00	-2.436799554285859135e-02
9.016000000000000227e+02	0.000000000000000000e+00	2.085545168710463138e+00	-2.381861134663555007e-02
9.066000000000000227e+02	0.000000000000000000e+00	2.084665014056940713e+00	-2.328340063878401450e-02
9.116000000000000227e+02	0.000000000000000000e+00	2.083793707190578992e+00	-2.276199775939967418e-02
9.166000000000000227e+02	0.000000000000000000e+00	2.082931159168670998e+00	-2.225404648218853171e-02
9.216000000000000227e+02	0.000000000000000000e+00	2.082077281942609215e+00	-2.175919977109039283e-02
9.266000000000000227e+02	0.000000000000000000e+00	2.081231988348898554e+00	-2.127711954318133730e-02
9.316000000000000227e+02	0.000000000000000000e+00	2.080395192100257695e+00	-2.080747643769293928e-02
9.366000000000000227e+02	0.000000000000000000e+00	2.079566807776811022e+00	-2.034994959099059586e-02
9.416000000000000227e+02	0.000000000000000000e+00	2.078746750817370259e+00	-1.990422641735705919e-02
9.466000000000000227e+02	0.000000000000000000e+00	2.077934937510800939e+00	-1.947000239543162856e-02
9.516000000000000227e+02	0.000000000000000000e+00	2.077131284987478566e+00	-1.904698086015890399e-02
9.566000000000000227e+02	0.000000000000000000e+00	2.076335711210827828e+00	-1.863487280010498598e-02
9.616000000000000227e+02	0.000000000000000000e+00	2.075548134968949299e+00	-1.823339666000277706e-02
9.666000000000000227e+02	0.000000000000000000e+00	2.074768475866329620e+00	-1.784227814839134743e-02
9.716000000000000227e+02	0.000000000000000000e+00	2.073996654315633403e+00	-1.746125005021793852e-02
9.766000000000000227e+02	0.000000000000000000e+00	2.073232591529581281e+00	-1.709005204427471031e-02
9.816000000000000227e+02	0.000000000000000000e+00	2.072476209512904788e+00	-1.672843052534537384e-02
9.866000000000000227e+02	0.000000000000000000e+00	2.071727431054386059e+00	-1.637613843094020555e-02
9.916000000000000227e+02	0.000000000000000000e+00	2.070986179718976139e+00	-1.603293507250114561e-02
9.966000000000000227e+02	0.000000000000000000e+00	2.070252379839991441e+00	-1.569858597096162114e-02
1.001600000000000023e+03	0.000000000000000000e+00	2.069525956511391485e+00	-1.537286269654867740e-02
1.006600000000000023e+03	0.000000000000000000e+00	2.068806835580130787e+00	-1.505554271271809276e-02
1.011600000000000023e+03	0.000000000000000000e+00	2.068094943638590699e+00	-1.474640922411579215e-02
1.016600000000000023e+03	0.000000000000000000e+00	2.067390208017084952e+00	-1.444525102846161597e-02
1.021600000000000023e+03	0.000000000000000000e+00	2.066692556776442036e+00	-1.415186237225439340e-02
1.026599999999999909e+03	0.000000000000000000e+00	2.066001918700662188e+00	-1.386604281019963511e-02
1.031599999999999909e+03	0.000000000000000000e+00	2.065318223289645427e+00	-1.358759706826380941e-02
1.036599999999999909e+03	0.000000000000000000e+00	2.064641400751999090e+00	-1.331633491026169500e-02
1.041599999999999909e+03	0.000000000000000000e+00	2.063971381997909305e+00	-1.305207100788562113e-02
1.046599999999999909e+03	0.000000000000000000e+00	2.063308098632090193e+00	-1.279462481408778426e-02
1.051599999999999909e+03	0.000000000000000000e+00	2.062651482946802783e+00	-1.254382043972918082e-02
1.056599999999999909e+03	0.000000000000000000e+00	2.062001467914942321e+00	-1.229948653341085725e-02
1.061599999999999909e+03	0.000000000000000000e+00	2.061357987183196183e+00	-1.206145616440536250e-02
1.066599999999999909e+03	0.000000000000000000e+00	2.060720975065271521e+00	-1.182956670860843204e-02
1.071599999999999909e+03	0.000000000000000000e+00	2.060090366535189066e+00	-1.160365973743303358e-02
1.076599999999999909e+03	0.000000000000000000e+00	2.059466097220644887e+00	-1.138358090956974496e-02
1.081599999999999909e+03	0.000000000000000000e+00	2.058848103396440976e+00	-1.116917986553966902e-02
1.086599999999999909e+03	0.000000000000000000e+00	2.058236321977979344e+00	-1.096031012496770200e-02
1.091599999999999909e+03	0.000000000000000000e+00	2.057630690514820948e+00	-1.075682898650607427e-02
1.096599999999999909e+03	0.000000000000000000e+00	2.057031147184313902e+00	-1.055859743033974764e-02
1.101599999999999909e+03	0.000000000000000000e+00	2.056437630785279413e+00	-1.036548002320702294e-02
1.106599999999999909e+03	0.000000000000000000e+00	2.055850080731766116e+00	-1.017734482587055560e-02
1.111599999999999909e+03	0.000000000000000000e+00	2.055268437046865682e+00	-9.994063302975494598e-03
1.116599999999999909e+03	0.000000000000000000e+00	2.054692640356589273e+00	-9.815510235233176201e-03
1.121599999999999909e+03	0.000000000000000000e+00	2.054122631883807504e+00	-9.641563633870376890e-03
1.126599999999999909e+03	0.000000000000000000e+00	2.053558353442250350e+00	-9.472104657285705318e-03
1.131599999999999909e+03	0.000000000000000000e+00	2.052999747430567012e+00	-9.307017529856111138e-03
1.136599999999999909e+03	0.000000000000000000e+00	2.052446756826447061e+00	-9.146189462838148765e-03
1.141599999999999909e+03	0.000000000000000000e+00	2.051899325180798428e+00	-8.989510577309867481e-03
1.146599999999999909e+03	0.000000000000000000e+00	2.051357396611985795e+00	-8.836873829100722402e-03
1.151599999999999909e+03	0.000000000000000000e+00	2.050820915800125821e+00	-8.688174935658205325e-03
1.156599999999999909e+03	0.000000000000000000e+00	2.050289827981440549e+00	-8.543312304801235421e-03
1.161599999999999909e+03	0.000000000000000000e+00	2.049764078942667211e+00	-8.402186965311647313e-03
1.166599999999999909e+03	0.000000000000000000e+00	2.049243615015523545e+00	-8.264702499316295414e-03
1.171599999999999909e+03	0.000000000000000000e+00	2.048728383071229509e+00	-8.130764976413674266e-03
1.176599999999999909e+03	0.000000000000000000e+00	2.048218330515084062e+00	-8.000282889499967659e-03
1.181599999999999909e+03	0.000000000000000000e+00	2.047713405281097021e+00	-7.873167092250717841e-03
1.186599999999999909e+03	0.000000000000000000e+00	2.047213555826672859e+00	-7.749330738215400721e-03
1.191599999999999909e+03	0.000000000000000000e+00	2.046718731127350033e+00	-7.628689221483301447e-03
1.196599999999999909e+03	0.000000000000000000e+00	2.046228880671592254e+00	-7.511160118880109982e-03
1.201599999999999909e+03	0.000000000000000000e+00	2.045743954455632618e+00	-7.396663133655818553e-03
1.206599999999999909e+03	0.000000000000000000e+00	2.045263902978368353e+00	-7.285120040625382362e-03
1.211599999999999909e+03	0.000000000000000000e+00	2.044788677236308416e+00	-7.176454632724690863e-03
1.216599999999999909e+03	0.000000000000000000e+00	2.044318228718572605e+00	-7.070592668945349310e-03
1.221599999999999909e+03	0.000000000000000000e+00	2.043852509401935524e+00	-6.967461823612679239e-03
1.226599999999999909e+03	0.000000000000000000e+00	2.043391471745929611e+00	-6.866991636972260768e-03
1.231599999999999909e+03	0.000000000000000000e+00	2.042935068687987687e+00	-6.769113467051328381e-03
1.236599999999999909e+03	0.000000000000000000e+00	2.042483253638642360e+00	-6.673760442762061325e-03
1.241599999999999909e+03	0.000000000000000000e+00	2.042035980476766710e+00	-6.580867418214767298e-03
1.246599999999999909e+03	0.000000000000000000e+00	2.041593203544870061e+00	-6.490370928209721405e-03
1.251599999999999909e+03	0.000000000000000000e+00	2.041154877644434151e+00	-6.402209144877289704e-03
1.256599999999999909e+03	0.000000000000000000e+00	2.040720958031300825e+00	-6.316321835436651891e-03
1.261599999999999909e+03	0.000000000000000000e+00	2.040291400411104572e+00	-6.232650321044336250e-03
1.266599999999999909e+03	0.000000000000000000e+00	2.039866160934749484e+00	-6.151137436704395833e-03
1.271599999999999909e+03	0.000000000000000000e+00	2.039445196193935939e+00	-6.071727492212856264e-03
1.276599999999999909e+03	0.000000000000000000e+00	2.039028463216726816e+00	-5.994366234109769001e-03
1.281599999999999909e+03	0.000000000000000000e+00	2.038615919463162118e+00	-5.919000808612840531e-03
1.286599999999999909e+03	0.000000000000000000e+00	2.038207522820916218e+00	-5.845579725507335685e-03
1.291599999999999909e+03	0.000000000000000000e+00	2.037803231600999965e+00	-5.774052822967588178e-03
1.296599999999999909e+03	0.000000000000000000e+00	2.037403004533503204e+00	-5.704371233286067294e-03
1.301599999999999909e+03	0.000000000000000000e+00	2.037006800763383918e+00	-5.636487349486603640e-03
1.306599999999999909e+03	0.000000000000000000e+00	2.036614579846296458e+00	-5.570354792798949337e-03
1.311599999999999909e+03	0.000000000000000000e+00	2.036226301744464173e+00	-5.505928380972456918e-03
1.316599999999999909e+03	0.000000000000000000e+00	2.035841926822590242e+00	-5.443164097407244065e-03
1.321599999999999909e+03	0.000000000000000000e+00	2.035461415843814681e+00	-5.382019061081709174e-03
1.326599999999999909e+03	0.000000000000000000e+00	2.035084729965706440e+00	-5.322451497255918478e-03
1.331599999999999909e+03	0.000000000000000000e+00	2.034711830736299465e+00	-5.264420708930786161e-03
1.336599999999999909e+03	0.000000000000000000e+00	2.034342680090168720e+00	-5.207887049043584751e-03
1.341599999999999909e+03	0.000000000000000000e+00	2.033977240344541748e+00	-5.152811893380782743e-03
1.346599999999999909e+03	0.000000000000000000e+00	2.033615474195454187e+00	-5.099157614189697360e-03
1.351599999999999909e+03	0.000000000000000000e+00	2.033257344713941706e+00	-5.046887554470932610e-03
1.356599999999999909e+03	0.000000000000000000e+00	2.032902815342268354e+00	-4.995966002934047225e-03
1.361599999999999909e+03	0.000000000000000000e+00	2.032551849890197548e+00	-4.946358169599340306e-03
1.366599999999999909e+03	0.000000000000000000e+00	2.032204412531295912e+00	-4.898030162029078788e-03
1.371599999999999909e+03	0.000000000000000000e+00	2.031860467799276204e+00	-4.850948962171932298e-03
1.376599999999999909e+03	0.000000000000000000e+00	2.031519980584377993e+00	-4.805082403804804281e-03
1.381599999999999909e+03	0.000000000000000000e+00	2.031182916129782523e+00	-4.760399150556620350e-03
1.386599999999999909e+03	0.000000000000000000e+00	2.030849240028065328e+00	-4.716868674499094527e-03
1.391599999999999909e+03	0.000000000000000000e+00	2.030518918217684377e+00	-4.674461235289825364e-03
1.396599999999999909e+03	0.000000000000000000e+00	2.030191916979501965e+00	-4.633147859853468595e-03
1.401599999999999909e+03	0.000000000000000000e+00	2.029868202933343468e+00	-4.592900322587119798e-03
1.406599999999999909e+03	0.000000000000000000e+00	2.029547743034589402e+00	-4.553691126076383176e-03
1.411599999999999909e+03	0.000000000000000000e+00	2.029230504570803006e+00	-4.515493482308920864e-03
1.416599999999999909e+03	0.000000000000000000e+00	2.028916455158390253e+00	-4.478281294372696113e-03
1.421599999999999909e+03	0.000000000000000000e+00	2.028605562739294488e+00	-4.442029138626363977e-03
1.426599999999999909e+03	0.000000000000000000e+00	2.028297795577723939e+00	-4.406712247329655149e-03
1.431599999999999909e+03	0.000000000000000000e+00	2.027993122256911640e+00	-4.372306491721874439e-03
1.436599999999999909e+03	0.000000000000000000e+00	2.027691511675908664e+00	-4.338788365536951075e-03
1.441599999999999909e+03	0.000000000000000000e+00	2.027392933046411105e+00	-4.306134968943782504e-03
1.446599999999999909e+03	0.000000000000000000e+00	2.027097355889613706e+00	-4.274323992900905603e-03
1.451599999999999909e+03	0.000000000000000000e+00	2.026804750033101232e+00	-4.243333703914791213e-03
1.456599999999999909e+03	0.000000000000000000e+00	2.026515085607768274e+00	-4.213142929191362324e-03
1.461599999999999909e+03	0.000000000000000000e+00	2.026228333044768792e+00	-4.183731042170586029e-03
1.466599999999999909e+03	0.000000000000000000e+00	2.025944463072499424e+00	-4.155077948434251350e-03
1.471599999999999909e+03	0.000000000000000000e+00	2.025663446713610316e+00	-4.127164071977321678e-03
1.476599999999999909e+03	0.000000000000000000e+00	2.025385255282047936e+00	-4.099970341833457030e-03
1.481599999999999909e+03	0.000000000000000000e+00	2.025109860380125415e+00	-4.073478179045591889e-03
1.486599999999999909e+03	0.000000000000000000e+00	2.024837233895625310e+00	-4.047669483972654754e-03
1.491599999999999909e+03	0.000000000000000000e+00	2.024567347998929900e+00	-4.022526623923759238e-03
1.496599999999999909e+03	0.000000000000000000e+00	2.024300175140178126e+00	-3.998032421111417760e-03
1.501599999999999909e+03	0.000000000000000000e+00	2.024035688046456727e+00	-3.974170140915557828e-03
1.506599999999999909e+03	0.000000000000000000e+00	2.023773859719012691e+00	-3.950923480450297016e-03
1.511599999999999909e+03	0.000000000000000000e+00	2.023514663430500793e+00	-3.928276557425692921e-03
1.516599999999999909e+03	0.000000000000000000e+00	2.023258072722251555e+00	-3.906213899296852223e-03
1.521599999999999909e+03	0.000000000000000000e+00	2.023004061401573850e+00	-3.884720432692965152e-03
1.526599999999999909e+03	0.000000000000000000e+00	2.022752603539078375e+00	-3.863781473119071858e-03
1.531599999999999909e+03	0.000000000000000000e+00	2.022503673466032659e+00	-3.843382714923508636e-03
1.536599999999999909e+03	0.000000000000000000e+00	2.022257245771740042e+00	-3.823510221524177057e-03
1.541599999999999909e+03	0.000000000000000000e+00	2.022013295300945313e+00	-3.804150415886969894e-03
1.546599999999999909e+03	0.000000000000000000e+00	2.021771797151267869e+00	-3.785290071249843014e-03
1.551599999999999909e+03	0.000000000000000000e+00	2.021532726670659752e+00	-3.766916302086191493e-03
1.556599999999999909e+03	0.000000000000000000e+00	2.021296059454886773e+00	-3.749016555301363032e-03
1.561599999999999909e+03	0.000000000000000000e+00	2.021061771345041613e+00	-3.731578601656293948e-03
1.566599999999999909e+03	0.000000000000000000e+00	2.020829838425072911e+00	-3.714590527412398729e-03
1.571599999999999909e+03	0.000000000000000000e+00	2.020600237019348544e+00	-3.698040726192019373e-03
1.576599999999999909e+03	0.000000000000000000e+00	2.020372943690234901e+00	-3.681917891048859526e-03
1.581599999999999909e+03	0.000000000000000000e+00	2.020147935235706793e+00	-3.666211006742997602e-03
1.586599999999999909e+03	0.000000000000000000e+00	2.019925188686977791e+00	-3.650909342215192740e-03
1.591599999999999909e+03	0.000000000000000000e+00	2.019704681306156768e+00	-3.636002443255347515e-03
1.596599999999999909e+03	0.000000000000000000e+00	2.019486390583924873e+00	-3.621480125360111019e-03
1.601599999999999909e+03	0.000000000000000000e+00	2.019270294237240915e+00	-3.607332466774753384e-03
1.606599999999999909e+03	0.000000000000000000e+00	2.019056370207062301e+00	-3.593549801714550785e-03
1.611599999999999909e+03	0.000000000000000000e+00	2.018844596656098389e+00	-3.580122713761047046e-03
1.616599999999999909e+03	0.000000000000000000e+00	2.018634951966576718e+00	-3.567042029428689823e-03
1.621599999999999909e+03	0.000000000000000000e+00	2.018427414738038994e+00	-3.554298811897435139e-03
1.626599999999999909e+03	0.000000000000000000e+00	2.018221963785156170e+00	-3.541884354907049413e-03
1.631599999999999909e+03	0.000000000000000000e+00	2.018018578135564844e+00	-3.529790176808924804e-03
1.636599999999999909e+03	0.000000000000000000e+00	2.017817237027727639e+00	-3.518008014771354698e-03
1.641599999999999909e+03	0.000000000000000000e+00	2.017617919908813118e+00	-3.506529819134309410e-03
1.646599999999999909e+03	0.000000000000000000e+00	2.017420606432597907e+00	-3.495347747909844077e-03
1.651599999999999909e+03	0.000000000000000000e+00	2.017225276457389693e+00	-3.484454161424399132e-03
1.656599999999999909e+03	0.000000000000000000e+00	2.017031910043971088e+00	-3.473841617099317040e-03
1.661599999999999909e+03	0.000000000000000000e+00	2.016840487453564812e+00	-3.463502864366016509e-03
1.666599999999999909e+03	0.000000000000000000e+00	2.016650989145818418e+00	-3.453430839712352991e-03
1.671599999999999909e+03	0.000000000000000000e+00	2.016463395776809442e+00	-3.443618661856772799e-03
1.676599999999999909e+03	0.000000000000000000e+00	2.016277688197070539e+00	-3.434059627046972662e-03
1.681599999999999909e+03	0.000000000000000000e+00	2.016093847449635934e+00	-3.424747204479845070e-03
1.686599999999999909e+03	0.000000000000000000e+00	2.015911854768104305e+00	-3.415675031839587351e-03
1.691599999999999909e+03	0.000000000000000000e+00	2.015731691574725648e+00	-3.406836910950917889e-03
1.696599999999999909e+03	0.000000000000000000e+00	2.015553339478501904e+00	-3.398226803544439172e-03
1.701599999999999909e+03	0.000000000000000000e+00	2.015376780273312463e+00	-3.389838827131248095e-03
1.706599999999999909e+03	0.000000000000000000e+00	2.015201995936054313e+00	-3.381667250983972847e-03
1.711599999999999909e+03	0.000000000000000000e+00	2.015028968624801298e+00	-3.373706492221501159e-03
1.716599999999999909e+03	0.000000000000000000e+00	2.014857680676985119e+00	-3.365951111994714123e-03
1.721599999999999909e+03	0.000000000000000000e+00	2.014688114607590563e+00	-3.358395811770622207e-03
1.726599999999999909e+03	0.000000000000000000e+00	2.014520253107371150e+00	-3.351035429712370759e-03
1.731599999999999909e+03	0.000000000000000000e+00	2.014354079041082102e+00	-3.343864937152633485e-03
1.736599999999999909e+03	0.000000000000000000e+00	2.014189575445731517e+00	-3.336879435157991299e-03
1.741599999999999909e+03	0.000000000000000000e+00	2.014026725528848871e+00	-3.330074151181942541e-03
1.746599999999999909e+03	0.000000000000000000e+00	2.013865512666770385e+00	-3.323444435804267291e-03
1.751599999999999909e+03	0.000000000000000000e+00	2.013705920402941718e+00	-3.316985759554506689e-03
1.756599999999999909e+03	0.000000000000000000e+00	2.013547932446239308e+00	-3.310693709817395369e-03
1.761599999999999909e+03	0.000000000000000000e+00	2.013391532669306816e+00	-3.304563987818131491e-03
1.766599999999999909e+03	0.000000000000000000e+00	2.013236705106907998e+00	-3.298592405685420517e-03
1.771599999999999909e+03	0.000000000000000000e+00	2.013083433954298673e+00	-3.292774883590292561e-03
1.776599999999999909e+03	0.000000000000000000e+00	2.012931703565611130e+00	-3.287107446958730927e-03
1.781599999999999909e+03	0.000000000000000000e+00	2.012781498452259843e+00	-3.281586223756216211e-03
1.786599999999999909e+03	0.000000000000000000e+00	2.012632803281358296e+00	-3.276207441842321141e-03
1.791599999999999909e+03	0.000000000000000000e+00	2.012485602874153567e+00	-3.270967426393558107e-03
1.796599999999999909e+03	0.000000000000000000e+00	2.012339882204478680e+00	-3.265862597392713441e-03
1.801599999999999909e+03	0.000000000000000000e+00	2.012195626397217829e+00	-3.260889467182950200e-03
1.806599999999999909e+03	0.000000000000000000e+00	2.012052820726787150e+00	-3.256044638085018456e-03
1.811599999999999909e+03	0.000000000000000000e+00	2.011911450615632813e+00	-3.251324800075934204e-03
1.816599999999999909e+03	0.000000000000000000e+00	2.011771501632741543e+00	-3.246726728527547443e-03
1.821599999999999909e+03	0.000000000000000000e+00	2.011632959492169803e+00	-3.242247282003452458e-03
1.826599999999999909e+03	0.000000000000000000e+00	2.011495810051583177e+00	-3.237883400112735038e-03
1.831599999999999909e+03	0.000000000000000000e+00	2.011360039310812642e+00	-3.233632101419092048e-03
1.836599999999999909e+03	0.000000000000000000e+00	2.011225633410428593e+00	-3.229490481403889633e-03
1.841599999999999909e+03	0.000000000000000000e+00	2.011092578630321981e+00	-3.225455710481777913e-03
1.846599999999999909e+03	0.000000000000000000e+00	2.010960861388306320e+00	-3.221525032067495183e-03
1.851599999999999909e+03	0.000000000000000000e+00	2.010830468238730795e+00	-3.217695760692548031e-03
1.856599999999999909e+03	0.000000000000000000e+00	2.010701385871107139e+00	-3.213965280170481918e-03
1.861599999999999909e+03	0.000000000000000000e+00	2.010573601108751163e+00	-3.210331041809481086e-03
1.866599999999999909e+03	0.000000000000000000e+00	2.010447100907438500e+00	-3.206790562671084800e-03
1.871599999999999909e+03	0.000000000000000000e+00	2.010321872354071449e+00	-3.203341423873824236e-03
1.876599999999999909e+03	0.000000000000000000e+00	2.010197902665361802e+00	-3.199981268940626025e-03
1.881599999999999909e+03	0.000000000000000000e+00	2.010075179186526562e+00	-3.196707802188848355e-03
1.886599999999999909e+03	0.000000000000000000e+00	2.009953689389995191e+00	-3.193518787161856755e-03
1.891599999999999909e+03	0.000000000000000000e+00	2.009833420874130194e+00	-3.190412045101055812e-03
1.896599999999999909e+03	0.000000000000000000e+00	2.009714361361962354e+00	-3.187385453457348972e-03
1.901599999999999909e+03	0.000000000000000000e+00	2.009596498699938394e+00	-3.184436944440995152e-03
1.906599999999999909e+03	0.000000000000000000e+00	2.009479820856677090e+00	-3.181564503608880733e-03
1.911599999999999909e+03	0.000000000000000000e+00	2.009364315921744026e+00	-3.178766168488236787e-03
1.916599999999999909e+03	0.000000000000000000e+00	2.009249972104435678e+00	-3.176040027235863938e-03
1.921599999999999909e+03	0.000000000000000000e+00	2.009136777732573709e+00	-3.173384217331944555e-03
1.926599999999999909e+03	0.000000000000000000e+00	2.009024721251315704e+00	-3.170796924307558474e-03
1.931599999999999909e+03	0.000000000000000000e+00	2.008913791221973888e+00	-3.168276380505023141e-03
1.936599999999999909e+03	0.000000000000000000e+00	2.008803976320848950e+00	-3.165820863870215992e-03
1.941599999999999909e+03	0.000000000000000000e+00	2.008695265338073188e+00	-3.163428696776055937e-03
1.946599999999999909e+03	0.000000000000000000e+00	2.008587647176466984e+00	-3.161098244876334694e-03
1.951599999999999909e+03	0.000000000000000000e+00	2.008481110850405038e+00	-3.158827915989121694e-03
1.956599999999999909e+03	0.000000000000000000e+00	2.008375645484695049e+00	-3.156616159008970596e-03
1.961599999999999909e+03	0.000000000000000000e+00	2.008271240313469264e+00	-3.154461462847194496e-03
1.966599999999999909e+03	0.000000000000000000e+00	2.008167884679083137e+00	-3.152362355399478643e-03
1.971599999999999909e+03	0.000000000000000000e+00	2.008065568031029091e+00	-3.150317402540127668e-03
1.976599999999999909e+03	0.000000000000000000e+00	2.007964279924858264e+00	-3.148325207142261238e-03
1.981599999999999909e+03	0.000000000000000000e+00	2.007864010021115586e+00	-3.146384408123285067e-03
1.986599999999999909e+03	0.000000000000000000e+00	2.007764748084283291e+00	-3.144493679514990224e-03
1.991599999999999909e+03	0.000000000000000000e+00	2.007666483981736860e+00	-3.142651729557642808e-03
1.996599999999999909e+03	0.000000000000000000e+00	2.007569207682710744e+00	-3.140857299817441644e-03
2.001599999999999909e+03	0.000000000000000000e+00	2.007472909257273397e+00	-3.139109164326749427e-03
2.006599999999999909e+03	0.000000000000000000e+00	2.007377578875313873e+00	-3.137406128746501443e-03
2.011599999999999909e+03	0.000000000000000000e+00	2.007283206805540399e+00	-3.135747029550224607e-03
2.016599999999999909e+03	0.000000000000000000e+00	2.007189783414483397e+00	-3.134130733229107801e-03
2.021599999999999909e+03	0.000000000000000000e+00	2.007097299165514936e+00	-3.132556135517578812e-03
2.026599999999999909e+03	0.000000000000000000e+00	2.007005744617875731e+00	-3.131022160638864422e-03
2.031599999999999909e+03	0.000000000000000000e+00	2.006915110425707471e+00	-3.129527760570010187e-03
2.036599999999999909e+03	0.000000000000000000e+00	2.006825387337103361e+00	-3.128071914325863782e-03
2.041599999999999909e+03	0.000000000000000000e+00	2.006736566193161320e+00	-3.126653627261529681e-03
2.046599999999999909e+03	0.000000000000000000e+00	2.006648637927049172e+00	-3.125271930392822025e-03
2.051599999999999909e+03	0.000000000000000000e+00	2.006561593563079171e+00	-3.123925879734246007e-03
2.056599999999999909e+03	0.000000000000000000e+00	2.006475424215793169e+00	-3.122614555654060643e-03
2.061599999999999909e+03	0.000000000000000000e+00	2.006390121089053125e+00	-3.121337062245979708e-03
2.066599999999999909e+03	0.000000000000000000e+00	2.006305675475144934e+00	-3.120092526717081500e-03
2.071599999999999909e+03	0.000000000000000000e+00	2.006222078753889360e+00	-3.118880098791511086e-03
2.076599999999999909e+03	0.000000000000000000e+00	2.006139322391761848e+00	-3.117698950129564345e-03
2.081599999999999909e+03	0.000000000000000000e+00	2.006057397941020781e+00	-3.116548273761761325e-03
2.086599999999999909e+03	0.000000000000000000e+00	2.005976297038846834e+00	-3.115427283537517723e-03
2.091599999999999909e+03	0.000000000000000000e+00	2.005896011406487212e+00	-3.114335213588041978e-03
2.096599999999999909e+03	0.000000000000000000e+00	2.005816532848411438e+00	-3.113271317803087586e-03
2.101599999999999909e+03	0.000000000000000000e+00	2.005737853251476910e+00	-3.112234869321205046e-03
2.106599999999999909e+03	0.000000000000000000e+00	2.005659964584095789e+00	-3.111225160033144303e-03
2.111599999999999909e+03	0.000000000000000000e+00	2.005582858895420539e+00	-3.110241500098071162e-03
2.116599999999999909e+03	0.000000000000000000e+00	2.005506528314528136e+00	-3.109283217472259830e-03
2.121599999999999909e+03	0.000000000000000000e+00	2.005430965049619374e+00	-3.108349657449950652e-03
2.126599999999999909e+03	0.000000000000000000e+00	2.005356161387221725e+00	-3.107440182216048615e-03
2.131599999999999909e+03	0.000000000000000000e+00	2.005282109691402859e+00	-3.106554170410363858e-03
2.136599999999999909e+03	0.000000000000000000e+00	2.005208802402991708e+00	-3.105691016703094470e-03
2.141599999999999909e+03	0.000000000000000000e+00	2.005136232038804422e+00	-3.104850131381258881e-03
2.146599999999999909e+03	0.000000000000000000e+00	2.005064391190883200e+00	-3.104030939945801124e-03
2.151599999999999909e+03	0.000000000000000000e+00	2.004993272525739112e+00	-3.103232882719089269e-03
2.156599999999999909e+03	0.000000000000000000e+00	2.004922868783602929e+00	-3.102455414462537697e-03
2.161599999999999909e+03	0.000000000000000000e+00	2.004853172777684822e+00	-3.101698004004097790e-03
2.166599999999999909e+03	0.000000000000000000e+00	2.004784177393440281e+00	-3.100960133875355941e-03
2.171599999999999909e+03	0.000000000000000000e+00	2.004715875587844032e+00	-3.100241299957996050e-03
2.176599999999999909e+03	0.000000000000000000e+00	2.004648260388671055e+00	-3.099541011139383181e-03
2.181599999999999909e+03	0.000000000000000000e+00	2.004581324893784711e+00	-3.098858788977029016e-03
2.186599999999999909e+03	0.000000000000000000e+00	2.004515062270433301e+00	-3.098194167371719210e-03
2.191599999999999909e+03	0.000000000000000000e+00	2.004449465754550186e+00	-3.097546692249069766e-03
2.196599999999999909e+03	0.000000000000000000e+00	2.004384528650065445e+00	-3.096915921249299933e-03
2.201599999999999909e+03	0.000000000000000000e+00	2.004320244328221978e+00	-3.096301423425008251e-03
2.206599999999999909e+03	0.000000000000000000e+00	2.004256606226898274e+00	-3.095702778946748338e-03
2.211599999999999909e+03	0.000000000000000000e+00	2.004193607849938275e+00	-3.095119578816195403e-03
2.216599999999999909e+03	0.000000000000000000e+00	2.004131242766489240e+00	-3.094551424586717853e-03
2.221599999999999909e+03	0.000000000000000000e+00	2.004069504610344943e+00	-3.093997928091154082e-03
2.226599999999999909e+03	0.000000000000000000e+00	2.004008387079295517e+00	-3.093458711176614879e-03
2.231599999999999909e+03	0.000000000000000000e+00	2.003947883934483976e+00	-3.092933405446125859e-03
2.236599999999999909e+03	0.000000000000000000e+00	2.003887988999770275e+00	-3.092421652006936000e-03
2.241599999999999909e+03	0.000000000000000000e+00	2.003828696161099820e+00	-3.091923101225320988e-03
2.246599999999999909e+03	0.000000000000000000e+00	2.003769999365879961e+00	-3.091437412487707450e-03
2.251599999999999909e+03	0.000000000000000000e+00	2.003711892622362267e+00	-3.090964253967967614e-03
2.256599999999999909e+03	0.000000000000000000e+00	2.003654369999029239e+00	-3.090503302400708727e-03
2.261599999999999909e+03	0.000000000000000000e+00	2.003597425623992123e+00	-3.090054242860420207e-03
2.266599999999999909e+03	0.000000000000000000e+00	2.003541053684387840e+00	-3.089616768546310684e-03
2.271599999999999909e+03	0.000000000000000000e+00	2.003485248425788789e+00	-3.089190580572700930e-03
2.276599999999999909e+03	0.000000000000000000e+00	2.003430004151612653e+00	-3.088775387764823490e-03
2.281599999999999909e+03	0.000000000000000000e+00	2.003375315222542863e+00	-3.088370906459888491e-03
2.286599999999999909e+03	0.000000000000000000e+00	2.003321176055952613e+00	-3.087976860313283809e-03
2.291599999999999909e+03	0.000000000000000000e+00	2.003267581125333763e+00	-3.087592980109775571e-03
2.296599999999999909e+03	0.000000000000000000e+00	2.003214524959734177e+00	-3.087219003579576293e-03
2.301599999999999909e+03	0.000000000000000000e+00	2.003162002143199061e+00	-3.086854675219161386e-03
2.306599999999999909e+03	0.000000000000000000e+00	2.003110007314217178e+00	-3.086499746116706973e-03
2.311599999999999909e+03	0.000000000000000000e+00	2.003058535165173737e+00	-3.086153973782031906e-03
2.316599999999999909e+03	0.000000000000000000e+00	2.003007580441809488e+00	-3.085817121980925608e-03
2.321599999999999909e+03	0.000000000000000000e+00	2.002957137942683818e+00	-3.085488960573752430e-03
2.326599999999999909e+03	0.000000000000000000e+00	2.002907202518643182e+00	-3.085169265358218491e-03
2.331599999999999909e+03	0.000000000000000000e+00	2.002857769072297511e+00	-3.084857817916193418e-03
2.336599999999999909e+03	0.000000000000000000e+00	2.002808832557496643e+00	-3.084554405464486407e-03
2.341599999999999909e+03	0.000000000000000000e+00	2.002760387978818279e+00	-3.084258820709473350e-03
2.346599999999999909e+03	0.000000000000000000e+00	2.002712430391056397e+00	-3.083970861705467512e-03
2.351599999999999909e+03	0.000000000000000000e+00	2.002664954898716321e+00	-3.083690331716753500e-03
2.356599999999999909e+03	0.000000000000000000e+00	2.002617956655516895e+00	-3.083417039083173085e-03
2.361599999999999909e+03	0.000000000000000000e+00	2.002571430863892665e+00	-3.083150797089182632e-03
2.366599999999999909e+03	0.000000000000000000e+00	2.002525372774507151e+00	-3.082891423836288045e-03
2.371599999999999909e+03	0.000000000000000000e+00	2.002479777685766127e+00	-3.082638742118768739e-03
2.376599999999999909e+03	0.000000000000000000e+00	2.002434640943338451e+00	-3.082392579302611294e-03
2.381599999999999909e+03	0.000000000000000000e+00	2.002389957939681331e+00	-3.082152767207563867e-03
2.386599999999999909e+03	0.000000000000000000e+00	2.002345724113568703e+00	-3.081919141992233314e-03
2.391599999999999909e+03	0.000000000000000000e+00	2.002301934949626716e+00	-3.081691544042149122e-03
2.396599999999999909e+03	0.000000000000000000e+00	2.002258585977872318e+00	-3.081469817860712623e-03
2.401599999999999909e+03	0.000000000000000000e+00	2.002215672773257626e+00	-3.081253811962960786e-03
2.406599999999999909e+03	0.000000000000000000e+00	2.002173190955217397e+00	-3.081043378772070455e-03
2.411599999999999909e+03	0.000000000000000000e+00	2.002131136187221827e+00	-3.080838374518533179e-03
2.416599999999999909e+03	0.000000000000000000e+00	2.002089504176334689e+00	-3.080638659141930399e-03
2.421599999999999909e+03	0.000000000000000000e+00	2.002048290672774566e+00	-3.080444096195243935e-03
2.426599999999999909e+03	0.000000000000000000e+00	2.002007491469481426e+00	-3.080254552751631944e-03
2.431599999999999909e+03	0.000000000000000000e+00	2.001967102401685850e+00	-3.080069899313616581e-03
2.436599999999999909e+03	0.000000000000000000e+00	2.001927119346485817e+00	-3.079890009724605728e-03
2.441599999999999909e+03	0.000000000000000000e+00	2.001887538222425267e+00	-3.079714761082705428e-03
2.446599999999999909e+03	0.000000000000000000e+00	2.001848354989075762e+00	-3.079544033656750595e-03
2.451599999999999909e+03	0.000000000000000000e+00	2.001809565646627043e+00	-3.079377710804504127e-03
2.456599999999999909e+03	0.000000000000000000e+00	2.001771166235475796e+00	-3.079215678892966313e-03
2.461599999999999909e+03	0.000000000000000000e+00	2.001733152835822871e+00	-3.079057827220739452e-03
2.466599999999999909e+03	0.000000000000000000e+00	2.001695521567274483e+00	-3.078904047942396943e-03
2.471599999999999909e+03	0.000000000000000000e+00	2.001658268588442535e+00	-3.078754235994800911e-03
2.476599999999999909e+03	0.000000000000000000e+00	2.001621390096556485e+00	-3.078608289025323679e-03
2.481599999999999909e+03	0.000000000000000000e+00	2.001584882327072101e+00	-3.078466107321918901e-03
2.486599999999999909e+03	0.000000000000000000e+00	2.001548741553288657e+00	-3.078327593744997672e-03
2.491599999999999909e+03	0.000000000000000000e+00	2.001512964085968349e+00	-3.078192653661062338e-03
2.496599999999999909e+03	0.000000000000000000e+00	2.001477546272960151e+00	-3.078061194878051621e-03
2.501599999999999909e+03	0.000000000000000000e+00	2.001442484498824559e+00	-3.077933127582356283e-03
2.506599999999999909e+03	0.000000000000000000e+00	2.001407775184468996e+00	-3.077808364277453707e-03
2.511599999999999909e+03	0.000000000000000000e+00	2.001373414786777438e+00	-3.077686819724134108e-03
2.516599999999999909e+03	0.000000000000000000e+00	2.001339399798252927e+00	-3.077568410882261952e-03
2.521599999999999909e+03	0.000000000000000000e+00	2.001305726746656966e+00	-3.077453056854042700e-03
2.526599999999999909e+03	0.000000000000000000e+00	2.001272392194655581e+00	-3.077340678828753649e-03
2.531599999999999909e+03	0.000000000000000000e+00	2.001239392739469380e+00	-3.077231200028898109e-03
2.536599999999999909e+03	0.000000000000000000e+00	2.001206725012524945e+00	-3.077124545657753014e-03
2.541599999999999909e+03	0.000000000000000000e+00	2.001174385679112433e+00	-3.077020642848264393e-03
2.546599999999999909e+03	0.000000000000000000e+00	2.001142371438043632e+00	-3.076919420613266447e-03
2.551599999999999909e+03	0.000000000000000000e+00	2.001110679021314898e+00	-3.076820809796982151e-03
2.556599999999999909e+03	0.000000000000000000e+00	2.001079305193776303e+00	-3.076724743027773289e-03
2.561599999999999909e+03	0.000000000000000000e+00	2.001048246752797688e+00	-3.076631154672114770e-03
2.566599999999999909e+03	0.000000000000000000e+00	2.001017500527944026e+00	-3.076539980789751594e-03
2.571599999999999909e+03	0.000000000000000000e+00	2.000987063380651243e+00	-3.076451159090014612e-03
2.576599999999999909e+03	0.000000000000000000e+00	2.000956932203905581e+00	-3.076364628889263417e-03
2.581599999999999909e+03	0.000000000000000000e+00	2.000927103921927408e+00	-3.076280331069426027e-03
2.586599999999999909e+03	0.000000000000000000e+00	2.000897575489855029e+00	-3.076198208037610182e-03
2.591599999999999909e+03	0.000000000000000000e+00	2.000868343893436929e+00	-3.076118203686755044e-03
2.596599999999999909e+03	0.000000000000000000e+00	2.000839406148721356e+00	-3.076040263357297279e-03
