200 3.9365
205 3.9936
210 4.0542
215 4.1187
220 4.1877
225 4.2617
230 4.2617
235 4.3417
240 4.3417
245 4.1877
250 3.5691
255 2.9163
260 2.3871
265 1.9796
270 1.6632
275 1.4066
280 1.1894
285 1.0032
290 0.8421
295 0.6998
300 0.5760
305 0.4680
310 0.3785
315 0.3022
320 0.2394
325 0.1878
330 0.1459
335 0.1126
340 0.0870
345 0.0663
350 0.0503
355 0.0378
360 0.0284
365 0.0212
370 0.0161
375 0.0121
380 0.0090
385 0.0070
390 0.0050
395 0.0040
400 0.0030
405 0.0020
410 0.0020
415 0.0010
420 0.0010
425 0.0000
430 0.0000
435 0.0000
440 0.0000
445 0.0000
450 0.0000
455 0.0000
460 0.0000
465 -0.0010
470 -0.0010
475 -0.0010
480 -0.0010
485 -0.0010
490 -0.0010
495 -0.0010
500 -0.0010
505 -0.0010
510 -0.0010
515 -0.0010
520 -0.0020
525 -0.0020
530 -0.0020
535 -0.0010
540 -0.0010
545 -0.0020
550 -0.0010
555 -0.0010
560 -0.0010
565 -0.0010
570 -0.0010
575 -0.0010
580 -0.0010
585 -0.0010
590 -0.0010
595 -0.0010
600 -0.0010
605 0.0000
610 0.0000
615 -0.0010
620 0.0000
625 0.0000
630 0.0000
635 0.0000
640 0.0000
645 0.0000
650 0.0000
655 -0.0010
660 -0.0010
665 -0.0010
670 0.0000
675 0.0000
680 0.0000
685 0.0000
690 0.0000
695 0.0000
700 0.0000
705 0.0000
710 0.0000
715 0.0000
720 0.0000
725 0.0000
730 0.0000
735 0.0000
740 0.0000
745 0.0000
750 0.0010
755 0.0000
760 0.0000
765 0.0000
770 0.0010
775 0.0000
780 0.0010
785 0.0010
790 0.0000
795 0.0010
800 0.0010
805 0.0010
810 0.0010
815 0.0020
820 0.0010
825 0.0010
830 0.0010
835 0.0010
840 0.0020
845 0.0020
850 0.0000
855 0.0020
860 0.0010
865 0.0010
870 0.0010
875 0.0030
880 -0.0010
885 0.0030
890 0.0000
895 -0.0010
900 0.0030
905 0.0010
910 0.0030
915 0.0000
920 0.0030
925 0.0030
930 0.0000
935 0.0010
940 0.0020
945 0.0010
950 0.0020
955 0.0010
960 0.0010
965 0.0010
970 0.0020
975 0.0020
980 0.0010
985 0.0010
990 0.0010
995 0.0000
1000 0.0000
1005 0.0020
1010 0.0010
1015 0.0010
1020 0.0010
1025 0.0010
1030 0.0010
1035 0.0000
1040 0.0010
1045 0.0010
1050 0.0000
1055 0.0010
1060 0.0000
1065 0.0000
1070 0.0010
1075 0.0010
1080 0.0020
1085 0.0010
1090 0.0010
1095 0.0000
1100 0.0010
1105 0.0010
1110 0.0000
1115 0.0000
1120 -0.0010
1125 0.0010
1130 0.0010
1135 0.0010
1140 0.0000
1145 0.0000
1150 0.0000
1155 0.0000
1160 0.0010
1165 0.0000
1170 0.0010
1175 0.0000
1180 0.0000
1185 0.0000
1190 0.0000
1195 0.0000
1200 0.0000
1205 0.0000
1210 -0.0010
1215 0.0000
1220 0.0000
1225 0.0000
1230 0.0000
1235 0.0000
1240 0.0010
1245 -0.0010
1250 0.0000
1255 -0.0020
1260 -0.0010
1265 -0.0010
1270 -0.0010
1275 0.0000
1280 -0.0010
1285 -0.0010
1290 0.0000
1295 0.0000
1300 -0.0010
1305 0.0000
1310 -0.0010
1315 -0.0010
1320 -0.0010
1325 -0.0010
1330 -0.0010
1335 -0.0010
1340 -0.0010
1345 -0.0010
1350 -0.0010
1355 0.0000
1360 0.0000
1365 0.0000
1370 -0.0010
1375 0.0000
1380 0.0000
1385 0.0010
1390 0.0020
1395 0.0020
1400 0.0020
1405 0.0030
1410 0.0040
1415 0.0030
1420 0.0030
1425 0.0020
1430 0.0030
1435 0.0020
1440 0.0010
1445 0.0010
1450 0.0010
1455 0.0000
1460 0.0010
1465 0.0000
1470 -0.0010
1475 0.0000
1480 -0.0010
1485 0.0000
1490 -0.0010
1495 -0.0010
1500 -0.0010
1505 -0.0010
1510 -0.0010
1515 -0.0020
1520 -0.0020
1525 -0.0010
1530 -0.0010
1535 -0.0010
1540 -0.0010
1545 -0.0020
1550 -0.0020
1555 -0.0010
1560 -0.0010
1565 -0.0010
1570 -0.0010
1575 -0.0010
1580 -0.0020
1585 -0.0010
1590 -0.0010
1595 -0.0020
1600 -0.0010
1605 0.0000
1610 -0.0010
1615 -0.0010
1620 0.0000
1625 0.0000
1630 0.0000
1635 0.0000
1640 -0.0010
1645 -0.0010
1650 -0.0010
1655 -0.0010
1660 -0.0010
1665 -0.0020
1670 -0.0010
1675 0.0000
1680 0.0000
1685 0.0000
1690 -0.0010
1695 -0.0010
1700 -0.0010
1705 0.0000
1710 0.0000
1715 -0.0010
1720 -0.0010
1725 -0.0010
1730 0.0000
1735 0.0000
1740 0.0000
1745 -0.0010
1750 0.0000
1755 -0.0010
1760 -0.0010
1765 0.0000
1770 0.0000
1775 0.0000
1780 0.0000
1785 0.0000
1790 0.0000
1795 0.0000
1800 -0.0010
1805 0.0000
1810 0.0010
1815 0.0000
1820 -0.0010
1825 -0.0010
1830 0.0010
1835 0.0010
1840 0.0010
1845 0.0020
1850 0.0010
1855 0.0010
1860 0.0020
1865 0.0010
1870 0.0000
1875 0.0000
1880 0.0000
1885 0.0010
1890 0.0020
1895 0.0030
1900 0.0020
1905 -0.0010
1910 0.0000
1915 0.0010
1920 0.0020
1925 0.0040
1930 0.0010
1935 0.0010
1940 0.0010
1945 0.0000
1950 0.0010
1955 0.0010
1960 0.0010
1965 0.0020
1970 0.0020
1975 0.0010
1980 0.0020
1985 0.0020
1990 0.0000
1995 0.0010
2000 0.0020
2005 0.0030
2010 0.0040
2015 0.0030
2020 0.0020
2025 0.0020
2030 0.0020
2035 0.0010
2040 0.0010
2045 0.0000
2050 0.0000
2055 0.0040
2060 0.0040
2065 0.0020
2070 0.0030
2075 0.0040
2080 0.0040
2085 0.0030
2090 0.0040
2095 0.0050
2100 0.0040
2105 0.0020
2110 0.0030
2115 0.0030
2120 0.0050
2125 0.0050
2130 0.0060
2135 0.0090
2140 0.0080
2145 0.0090
2150 0.0111
2155 0.0121
2160 0.0121
2165 0.0131
2170 0.0141
2175 0.0131
2180 0.0141
2185 0.0141
2190 0.0172
2195 0.0192
2200 0.0192
2205 0.0202
2210 0.0161
2215 0.0212
2220 0.0192
2225 0.0212
2230 0.0192
2235 0.0141
2240 0.0161
2245 0.0161
2250 0.0192
2255 0.0161
2260 0.0161
2265 0.0223
2270 0.0172
2275 0.0172
2280 0.0172
2285 0.0202
2290 0.0080
2295 0.0090
2300 0.0101
2305 0.0121
2310 0.0080
2315 0.0121
2320 0.0060
2325 0.0060
2330 0.0192
2335 0.0212
2340 0.0151
2345 0.0253
2350 0.0141
2355 0.0192
2360 0.0202
2365 0.0141
2370 0.0212
2375 0.0274
2380 0.0151
2385 0.0192
2390 0.0182
2395 0.0295
2400 0.0233
2405 0.0274
2410 0.0223
2415 0.0284
2420 0.0274
2425 0.0326
2430 0.0326
2435 0.0253
2440 0.0367
2445 0.0357
2450 0.0253
2455 0.0378
2460 0.0398
2465 0.0336
2470 0.0367
2475 0.0295
2480 0.0430
2485 0.0419
2490 0.0295
2495 0.0451
2500 0.0493
2505 0.0451
2510 0.0409
2515 0.0336
2520 0.0398
2525 0.0578
2530 0.0493
2535 0.0503
2540 0.0546
2545 0.0642
2550 0.0556
2555 0.0728
2560 0.0610
2565 0.0440
2570 0.0610
2575 0.0378
2580 0.0535
2585 0.0472
2590 0.0482
2595 0.0556
2600 0.0274
