200 1.0522
205 1.0479
210 1.0384
215 1.0321
220 1.0305
225 1.0335
230 1.0386
235 1.0445
240 1.0488
245 1.0485
250 1.0433
255 1.0354
260 1.0247
265 1.0152
270 1.0102
275 1.0096
280 1.0098
285 1.0107
290 1.0104
295 1.0096
300 1.0079
305 1.0033
310 1.0016
315 0.9269
320 0.4974
325 0.2563
330 0.1759
335 0.1485
340 0.1385
345 0.1238
350 0.1078
355 0.0987
360 0.0885
365 0.0729
370 0.0575
375 0.0469
380 0.0417
385 0.0366
390 0.0358
395 0.0363
400 0.0321
405 0.0287
410 0.0258
415 0.0246
420 0.0245
425 0.0243
430 0.0209
435 0.0220
440 0.0191
445 0.0176
450 0.0175
455 0.0177
460 0.0163
465 0.0158
470 0.0160
475 0.0135
480 0.0136
485 0.0135
490 0.0130
495 0.0114
500 0.0124
505 0.0120
510 0.0121
515 0.0117
520 0.0112
525 0.0116
530 0.0109
535 0.0110
540 0.0104
545 0.0087
550 0.0110
555 0.0108
560 0.0102
565 0.0107
570 0.0097
575 0.0093
580 0.0100
585 0.0104
590 0.0100
595 0.0088
600 0.0073
605 0.0091
610 0.0088
615 0.0074
620 0.0083
625 0.0104
630 0.0097
635 0.0068
640 0.0087
645 0.0072
650 0.0076
655 0.0054
660 0.0061
665 0.0047
670 0.0062
675 0.0058
680 0.0058
685 0.0060
690 0.0054
695 0.0062
700 0.0050
705 0.0019
710 0.0055
715 0.0044
720 0.0046
725 0.0043
730 0.0053
735 0.0038
740 0.0044
745 0.0041
750 0.0038
755 0.0069
760 0.0056
765 0.0015
770 0.0016
775 0.0039
780 0.0065
785 0.0074
790 0.0104
795 0.0117
800 0.0125
805 0.0102
810 0.0068
815 0.0010
820 -0.0031
825 -0.0043
830 0.0010
835 0.0050
840 0.0066
845 0.0008
850 0.0017
855 0.0030
860 0.0020
865 0.0033
870 0.0029
875 0.0032
880 0.0031
885 0.0035
890 0.0067
895 0.0068
900 0.0053
905 0.0046
910 0.0044
915 0.0043
920 0.0041
925 0.0043
930 0.0042
935 0.0033
940 0.0038
945 0.0040
950 0.0035
955 0.0036
960 0.0031
965 0.0028
970 0.0033
975 0.0038
980 0.0032
985 0.0026
990 0.0025
995 0.0019
1000 0.0015
1005 0.0013
1010 0.0015
1015 0.0017
1020 0.0010
1025 0.0008
1030 0.0011
1035 0.0010
1040 0.0008
1045 0.0013
1050 0.0009
1055 0.0006
1060 0.0005
1065 0.0006
1070 0.0005
1075 0.0000
1080 -0.0004
1085 -0.0003
1090 -0.0006
1095 -0.0008
1100 -0.0005
1105 -0.0004
1110 0.0000
1115 0.0003
1120 0.0005
1125 0.0017
1130 0.0031
1135 0.0032
1140 0.0029
1145 0.0024
1150 0.0017
1155 0.0013
1160 0.0010
1165 0.0006
1170 0.0004
1175 0.0005
1180 0.0005
1185 -0.0000
1190 -0.0001
1195 0.0002
1200 -0.0005
1205 -0.0008
1210 -0.0001
1215 0.0000
1220 -0.0003
1225 -0.0007
1230 -0.0014
1235 -0.0012
1240 -0.0008
1245 -0.0008
1250 -0.0009
1255 -0.0014
1260 -0.0014
1265 -0.0010
1270 -0.0010
1275 -0.0013
1280 -0.0015
1285 -0.0016
1290 -0.0016
1295 -0.0012
1300 -0.0015
1305 -0.0013
1310 -0.0016
1315 -0.0014
1320 -0.0007
1325 -0.0008
1330 -0.0012
1335 -0.0012
1340 -0.0010
1345 -0.0007
1350 0.0006
1355 0.0016
1360 0.0013
1365 0.0015
1370 0.0018
1375 0.0022
1380 0.0021
1385 0.0010
1390 0.0010
1395 0.0021
1400 0.0034
1405 0.0039
1410 0.0040
1415 0.0032
1420 0.0042
1425 0.0037
1430 0.0032
1435 0.0035
1440 0.0019
1445 0.0018
1450 0.0013
1455 0.0008
1460 0.0010
1465 0.0001
1470 0.0008
1475 0.0005
1480 0.0005
1485 0.0002
1490 -0.0004
1495 -0.0002
1500 -0.0010
1505 -0.0005
1510 -0.0012
1515 -0.0006
1520 -0.0010
1525 -0.0008
1530 -0.0012
1535 -0.0017
1540 -0.0006
1545 -0.0007
1550 -0.0000
1555 -0.0003
1560 -0.0001
1565 -0.0008
1570 -0.0003
1575 -0.0007
1580 -0.0005
1585 -0.0002
1590 0.0002
1595 0.0006
1600 0.0002
1605 0.0012
1610 0.0023
1615 0.0037
1620 0.0053
1625 0.0064
1630 0.0067
1635 0.0098
1640 0.0142
1645 0.0213
1650 0.0334
1655 0.0465
1660 0.0610
1665 0.0678
1670 0.0643
1675 0.0543
1680 0.0441
1685 0.0371
1690 0.0316
1695 0.0270
1700 0.0237
1705 0.0240
1710 0.0242
1715 0.0228
1720 0.0208
1725 0.0201
1730 0.0191
1735 0.0185
1740 0.0183
1745 0.0163
1750 0.0147
1755 0.0131
1760 0.0123
1765 0.0122
1770 0.0117
1775 0.0101
1780 0.0099
1785 0.0104
1790 0.0100
1795 0.0119
1800 0.0106
1805 0.0245
1810 0.0077
1815 0.0149
1820 0.0174
1825 0.0056
1830 0.0210
1835 0.0082
1840 0.0049
1845 0.0217
1850 -0.0017
1855 0.0092
1860 0.0216
1865 -0.0017
1870 0.0183
1875 0.0194
1880 -0.0044
1885 0.0251
1890 0.0192
1895 -0.0023
1900 0.0300
1905 0.0190
1910 0.0024
1915 0.0355
1920 0.0171
1925 0.0005
1930 0.0366
1935 0.0131
1940 -0.0035
1945 0.0399
1950 0.0182
1955 -0.0014
1960 0.0409
1965 0.0163
1970 -0.0160
1975 0.0316
1980 0.0216
1985 -0.0220
1990 0.0235
1995 0.0358
2000 -0.0220
2005 0.0061
2010 0.0446
2015 -0.0127
2020 -0.0127
2025 0.0453
2030 0.0099
2035 -0.0245
2040 0.0357
2045 0.0412
2050 -0.0194
2055 0.0110
2060 0.0563
2065 0.0040
2070 -0.0105
2075 0.0554
2080 0.0470
2085 -0.0101
2090 0.0244
2095 0.0631
2100 0.0103
2105 -0.0047
2110 0.0656
2115 0.0782
2120 0.0286
2125 0.0601
2130 0.1342
2135 0.1061
2140 0.0400
2145 0.0695
2150 0.1096
2155 0.0711
2160 0.0399
2165 0.0784
2170 0.0866
2175 0.0256
2180 0.0242
2185 0.0900
2190 0.0859
2195 0.0127
2200 0.0053
2205 0.0630
2210 0.0656
2215 0.0127
2220 0.0283
2225 0.1013
2230 0.1142
2235 0.0711
2240 0.0867
2245 0.1493
2250 0.1605
2255 0.1255
2260 0.1277
2265 0.1678
2270 0.1747
2275 0.1235
2280 0.1030
2285 0.1441
2290 0.1683
2295 0.1313
2300 0.1013
2305 0.1414
2310 0.1833
2315 0.1586
2320 0.1223
2325 0.1481
2330 0.2097
2335 0.2185
2340 0.1680
2345 0.1343
2350 0.1591
2355 0.1880
2360 0.1716
2365 0.1313
2370 0.1306
2375 0.1678
2380 0.1788
2385 0.1442
2390 0.1210
2395 0.1461
2400 0.1773
2405 0.1658
2410 0.1262
2415 0.1205
2420 0.1563
2425 0.1803
2430 0.1681
2435 0.1671
2440 0.2193
2445 0.2988
2450 0.3041
2455 0.2359
2460 0.1642
2465 0.1432
2470 0.1534
2475 0.1499
2480 0.1127
2485 0.0830
2490 0.0943
2495 0.1256
2500 0.1373
2505 0.1084
2510 0.0787
2515 0.0840
2520 0.1211
2525 0.1360
2530 0.1115
2535 0.0739
2540 0.0702
2545 0.0957
2550 0.1225
2555 0.1265
2560 0.1040
2565 0.0726
2570 0.0738
2575 0.0992
2580 0.1075
2585 0.0989
2590 0.0749
2595 0.0627
2600 0.0751
